% calling this function will load problem geometry into the main program
% refCoords : Problem Node Coordinates in reference Configuration
% E : Young's Modulus
% nn : number of nodes
% nDOFs : total number of degrees of freedom
% elConn : element ID connectivity matrix
% DOFConn : element DOF connectivity matrix
% fixedNodes : essential node numbers
% fixedDOFs : fixed degrees of freedoms
% activeDOFs : active degrees of freedoms
% nADOFs : number of active degrees of freedoms
% L0List : Initial length of elements
% nel : Number Of Elements
% s0List : initial stress in members
nex=18;ney=18;
Lx=10; Ly=10;
Nx=0;   Ny=0;   Nxy=0;
refCoords=[0.,0.,0;0.277778,0.,0;0.555556,0.,0;0.833333,0.,0;1.11111,0.,0;1.38889,0.,0;1.66667,0.,0;1.94444,0.,0;2.22222,0.,0;2.5,0.,0;2.77778,0.,0;3.05556,0.,0;3.33333,0.,0;3.61111,0.,0;3.88889,0.,0;4.16667,0.,0;4.44444,0.,0;4.72222,0.,0;5.,0.,0;5.27778,0.,0;5.55556,0.,0;5.83333,0.,0;6.11111,0.,0;6.38889,0.,0;6.66667,0.,0;6.94444,0.,0;7.22222,0.,0;7.5,0.,0;7.77778,0.,0;8.05556,0.,0;8.33333,0.,0;8.61111,0.,0;8.88889,0.,0;9.16667,0.,0;9.44444,0.,0;9.72222,0.,0;10.,0.,0;0.,0.555556,0;0.277778,0.555556,0;0.555556,0.555556,0;0.833333,0.555556,0;1.11111,0.555556,0;1.38889,0.555556,0;1.66667,0.555556,0;1.94444,0.555556,0;2.22222,0.555556,0;2.5,0.555556,0;2.77778,0.555556,0;3.05556,0.555556,0;3.33333,0.555556,0;3.61111,0.555556,0;3.88889,0.555556,0;4.16667,0.555556,0;4.44444,0.555556,0;4.72222,0.555556,0;5.,0.555556,0;5.27778,0.555556,0;5.55556,0.555556,0;5.83333,0.555556,0;6.11111,0.555556,0;6.38889,0.555556,0;6.66667,0.555556,0;6.94444,0.555556,0;7.22222,0.555556,0;7.5,0.555556,0;7.77778,0.555556,0;8.05556,0.555556,0;8.33333,0.555556,0;8.61111,0.555556,0;8.88889,0.555556,0;9.16667,0.555556,0;9.44444,0.555556,0;9.72222,0.555556,0;10.,0.555556,0;0.,1.11111,0;0.277778,1.11111,0;0.555556,1.11111,0;0.833333,1.11111,0;1.11111,1.11111,0;1.38889,1.11111,0;1.66667,1.11111,0;1.94444,1.11111,0;2.22222,1.11111,0;2.5,1.11111,0;2.77778,1.11111,0;3.05556,1.11111,0;3.33333,1.11111,0;3.61111,1.11111,0;3.88889,1.11111,0;4.16667,1.11111,0;4.44444,1.11111,0;4.72222,1.11111,0;5.,1.11111,0;5.27778,1.11111,0;5.55556,1.11111,0;5.83333,1.11111,0;6.11111,1.11111,0;6.38889,1.11111,0;6.66667,1.11111,0;6.94444,1.11111,0;7.22222,1.11111,0;7.5,1.11111,0;7.77778,1.11111,0;8.05556,1.11111,0;8.33333,1.11111,0;8.61111,1.11111,0;8.88889,1.11111,0;9.16667,1.11111,0;9.44444,1.11111,0;9.72222,1.11111,0;10.,1.11111,0;0.,1.66667,0;0.277778,1.66667,0;0.555556,1.66667,0;0.833333,1.66667,0;1.11111,1.66667,0;1.38889,1.66667,0;1.66667,1.66667,0;1.94444,1.66667,0;2.22222,1.66667,0;2.5,1.66667,0;2.77778,1.66667,0;3.05556,1.66667,0;3.33333,1.66667,0;3.61111,1.66667,0;3.88889,1.66667,0;4.16667,1.66667,0;4.44444,1.66667,0;4.72222,1.66667,0;5.,1.66667,0;5.27778,1.66667,0;5.55556,1.66667,0;5.83333,1.66667,0;6.11111,1.66667,0;6.38889,1.66667,0;6.66667,1.66667,0;6.94444,1.66667,0;7.22222,1.66667,0;7.5,1.66667,0;7.77778,1.66667,0;8.05556,1.66667,0;8.33333,1.66667,0;8.61111,1.66667,0;8.88889,1.66667,0;9.16667,1.66667,0;9.44444,1.66667,0;9.72222,1.66667,0;10.,1.66667,0;0.,2.22222,0;0.277778,2.22222,0;0.555556,2.22222,0;0.833333,2.22222,0;1.11111,2.22222,0;1.38889,2.22222,0;1.66667,2.22222,0;1.94444,2.22222,0;2.22222,2.22222,0;2.5,2.22222,0;2.77778,2.22222,0;3.05556,2.22222,0;3.33333,2.22222,0;3.61111,2.22222,0;3.88889,2.22222,0;4.16667,2.22222,0;4.44444,2.22222,0;4.72222,2.22222,0;5.,2.22222,0;5.27778,2.22222,0;5.55556,2.22222,0;5.83333,2.22222,0;6.11111,2.22222,0;6.38889,2.22222,0;6.66667,2.22222,0;6.94444,2.22222,0;7.22222,2.22222,0;7.5,2.22222,0;7.77778,2.22222,0;8.05556,2.22222,0;8.33333,2.22222,0;8.61111,2.22222,0;8.88889,2.22222,0;9.16667,2.22222,0;9.44444,2.22222,0;9.72222,2.22222,0;10.,2.22222,0;0.,2.77778,0;0.277778,2.77778,0;0.555556,2.77778,0;0.833333,2.77778,0;1.11111,2.77778,0;1.38889,2.77778,0;1.66667,2.77778,0;1.94444,2.77778,0;2.22222,2.77778,0;2.5,2.77778,0;2.77778,2.77778,0;3.05556,2.77778,0;3.33333,2.77778,0;3.61111,2.77778,0;3.88889,2.77778,0;4.16667,2.77778,0;4.44444,2.77778,0;4.72222,2.77778,0;5.,2.77778,0;5.27778,2.77778,0;5.55556,2.77778,0;5.83333,2.77778,0;6.11111,2.77778,0;6.38889,2.77778,0;6.66667,2.77778,0;6.94444,2.77778,0;7.22222,2.77778,0;7.5,2.77778,0;7.77778,2.77778,0;8.05556,2.77778,0;8.33333,2.77778,0;8.61111,2.77778,0;8.88889,2.77778,0;9.16667,2.77778,0;9.44444,2.77778,0;9.72222,2.77778,0;10.,2.77778,0;0.,3.33333,0;0.277778,3.33333,0;0.555556,3.33333,0;0.833333,3.33333,0;1.11111,3.33333,0;1.38889,3.33333,0;1.66667,3.33333,0;1.94444,3.33333,0;2.22222,3.33333,0;2.5,3.33333,0;2.77778,3.33333,0;3.05556,3.33333,0;3.33333,3.33333,0;3.61111,3.33333,0;3.88889,3.33333,0;4.16667,3.33333,0;4.44444,3.33333,0;4.72222,3.33333,0;5.,3.33333,0;5.27778,3.33333,0;5.55556,3.33333,0;5.83333,3.33333,0;6.11111,3.33333,0;6.38889,3.33333,0;6.66667,3.33333,0;6.94444,3.33333,0;7.22222,3.33333,0;7.5,3.33333,0;7.77778,3.33333,0;8.05556,3.33333,0;8.33333,3.33333,0;8.61111,3.33333,0;8.88889,3.33333,0;9.16667,3.33333,0;9.44444,3.33333,0;9.72222,3.33333,0;10.,3.33333,0;0.,3.88889,0;0.277778,3.88889,0;0.555556,3.88889,0;0.833333,3.88889,0;1.11111,3.88889,0;1.38889,3.88889,0;1.66667,3.88889,0;1.94444,3.88889,0;2.22222,3.88889,0;2.5,3.88889,0;2.77778,3.88889,0;3.05556,3.88889,0;3.33333,3.88889,0;3.61111,3.88889,0;3.88889,3.88889,0;4.16667,3.88889,0;4.44444,3.88889,0;4.72222,3.88889,0;5.,3.88889,0;5.27778,3.88889,0;5.55556,3.88889,0;5.83333,3.88889,0;6.11111,3.88889,0;6.38889,3.88889,0;6.66667,3.88889,0;6.94444,3.88889,0;7.22222,3.88889,0;7.5,3.88889,0;7.77778,3.88889,0;8.05556,3.88889,0;8.33333,3.88889,0;8.61111,3.88889,0;8.88889,3.88889,0;9.16667,3.88889,0;9.44444,3.88889,0;9.72222,3.88889,0;10.,3.88889,0;0.,4.44444,0;0.277778,4.44444,0;0.555556,4.44444,0;0.833333,4.44444,0;1.11111,4.44444,0;1.38889,4.44444,0;1.66667,4.44444,0;1.94444,4.44444,0;2.22222,4.44444,0;2.5,4.44444,0;2.77778,4.44444,0;3.05556,4.44444,0;3.33333,4.44444,0;3.61111,4.44444,0;3.88889,4.44444,0;4.16667,4.44444,0;4.44444,4.44444,0;4.72222,4.44444,0;5.,4.44444,0;5.27778,4.44444,0;5.55556,4.44444,0;5.83333,4.44444,0;6.11111,4.44444,0;6.38889,4.44444,0;6.66667,4.44444,0;6.94444,4.44444,0;7.22222,4.44444,0;7.5,4.44444,0;7.77778,4.44444,0;8.05556,4.44444,0;8.33333,4.44444,0;8.61111,4.44444,0;8.88889,4.44444,0;9.16667,4.44444,0;9.44444,4.44444,0;9.72222,4.44444,0;10.,4.44444,0;0.,5.,0;0.277778,5.,0;0.555556,5.,0;0.833333,5.,0;1.11111,5.,0;1.38889,5.,0;1.66667,5.,0;1.94444,5.,0;2.22222,5.,0;2.5,5.,0;2.77778,5.,0;3.05556,5.,0;3.33333,5.,0;3.61111,5.,0;3.88889,5.,0;4.16667,5.,0;4.44444,5.,0;4.72222,5.,0;5.,5.,0;5.27778,5.,0;5.55556,5.,0;5.83333,5.,0;6.11111,5.,0;6.38889,5.,0;6.66667,5.,0;6.94444,5.,0;7.22222,5.,0;7.5,5.,0;7.77778,5.,0;8.05556,5.,0;8.33333,5.,0;8.61111,5.,0;8.88889,5.,0;9.16667,5.,0;9.44444,5.,0;9.72222,5.,0;10.,5.,0;0.,5.55556,0;0.277778,5.55556,0;0.555556,5.55556,0;0.833333,5.55556,0;1.11111,5.55556,0;1.38889,5.55556,0;1.66667,5.55556,0;1.94444,5.55556,0;2.22222,5.55556,0;2.5,5.55556,0;2.77778,5.55556,0;3.05556,5.55556,0;3.33333,5.55556,0;3.61111,5.55556,0;3.88889,5.55556,0;4.16667,5.55556,0;4.44444,5.55556,0;4.72222,5.55556,0;5.,5.55556,0;5.27778,5.55556,0;5.55556,5.55556,0;5.83333,5.55556,0;6.11111,5.55556,0;6.38889,5.55556,0;6.66667,5.55556,0;6.94444,5.55556,0;7.22222,5.55556,0;7.5,5.55556,0;7.77778,5.55556,0;8.05556,5.55556,0;8.33333,5.55556,0;8.61111,5.55556,0;8.88889,5.55556,0;9.16667,5.55556,0;9.44444,5.55556,0;9.72222,5.55556,0;10.,5.55556,0;0.,6.11111,0;0.277778,6.11111,0;0.555556,6.11111,0;0.833333,6.11111,0;1.11111,6.11111,0;1.38889,6.11111,0;1.66667,6.11111,0;1.94444,6.11111,0;2.22222,6.11111,0;2.5,6.11111,0;2.77778,6.11111,0;3.05556,6.11111,0;3.33333,6.11111,0;3.61111,6.11111,0;3.88889,6.11111,0;4.16667,6.11111,0;4.44444,6.11111,0;4.72222,6.11111,0;5.,6.11111,0;5.27778,6.11111,0;5.55556,6.11111,0;5.83333,6.11111,0;6.11111,6.11111,0;6.38889,6.11111,0;6.66667,6.11111,0;6.94444,6.11111,0;7.22222,6.11111,0;7.5,6.11111,0;7.77778,6.11111,0;8.05556,6.11111,0;8.33333,6.11111,0;8.61111,6.11111,0;