% calling this function will load problem geometry into the main program
% refCoords : Problem Node Coordinates in reference Configuration
% E : Young's Modulus
% nn : number of nodes
% nDOFs : total number of degrees of freedom
% elConn : element ID connectivity matrix
% DOFConn : element DOF connectivity matrix
% fixedNodes : essential node numbers
% fixedDOFs : fixed degrees of freedoms
% activeDOFs : active degrees of freedoms
% nADOFs : number of active degrees of freedoms
% L0List : Initial length of elements
% nel : Number Of Elements
% s0List : initial stress in members
nex=12;ney=12;
Lx=10; Ly=10;
Nx=0;   Ny=0;   Nxy=0;
refCoords=[0.,0.,0;0.416667,0.,0;0.833333,0.,0;1.25,0.,0;1.66667,0.,0;2.08333,0.,0;2.5,0.,0;2.91667,0.,0;3.33333,0.,0;3.75,0.,0;4.16667,0.,0;4.58333,0.,0;5.,0.,0;5.41667,0.,0;5.83333,0.,0;6.25,0.,0;6.66667,0.,0;7.08333,0.,0;7.5,0.,0;7.91667,0.,0;8.33333,0.,0;8.75,0.,0;9.16667,0.,0;9.58333,0.,0;10.,0.,0;0.,0.833333,0;0.416667,0.833333,0;0.833333,0.833333,0;1.25,0.833333,0;1.66667,0.833333,0;2.08333,0.833333,0;2.5,0.833333,0;2.91667,0.833333,0;3.33333,0.833333,0;3.75,0.833333,0;4.16667,0.833333,0;4.58333,0.833333,0;5.,0.833333,0;5.41667,0.833333,0;5.83333,0.833333,0;6.25,0.833333,0;6.66667,0.833333,0;7.08333,0.833333,0;7.5,0.833333,0;7.91667,0.833333,0;8.33333,0.833333,0;8.75,0.833333,0;9.16667,0.833333,0;9.58333,0.833333,0;10.,0.833333,0;0.,1.66667,0;0.416667,1.66667,0;0.833333,1.66667,0;1.25,1.66667,0;1.66667,1.66667,0;2.08333,1.66667,0;2.5,1.66667,0;2.91667,1.66667,0;3.33333,1.66667,0;3.75,1.66667,0;4.16667,1.66667,0;4.58333,1.66667,0;5.,1.66667,0;5.41667,1.66667,0;5.83333,1.66667,0;6.25,1.66667,0;6.66667,1.66667,0;7.08333,1.66667,0;7.5,1.66667,0;7.91667,1.66667,0;8.33333,1.66667,0;8.75,1.66667,0;9.16667,1.66667,0;9.58333,1.66667,0;10.,1.66667,0;0.,2.5,0;0.416667,2.5,0;0.833333,2.5,0;1.25,2.5,0;1.66667,2.5,0;2.08333,2.5,0;2.5,2.5,0;2.91667,2.5,0;3.33333,2.5,0;3.75,2.5,0;4.16667,2.5,0;4.58333,2.5,0;5.,2.5,0;5.41667,2.5,0;5.83333,2.5,0;6.25,2.5,0;6.66667,2.5,0;7.08333,2.5,0;7.5,2.5,0;7.91667,2.5,0;8.33333,2.5,0;8.75,2.5,0;9.16667,2.5,0;9.58333,2.5,0;10.,2.5,0;0.,3.33333,0;0.416667,3.33333,0;0.833333,3.33333,0;1.25,3.33333,0;1.66667,3.33333,0;2.08333,3.33333,0;2.5,3.33333,0;2.91667,3.33333,0;3.33333,3.33333,0;3.75,3.33333,0;4.16667,3.33333,0;4.58333,3.33333,0;5.,3.33333,0;5.41667,3.33333,0;5.83333,3.33333,0;6.25,3.33333,0;6.66667,3.33333,0;7.08333,3.33333,0;7.5,3.33333,0;7.91667,3.33333,0;8.33333,3.33333,0;8.75,3.33333,0;9.16667,3.33333,0;9.58333,3.33333,0;10.,3.33333,0;0.,4.16667,0;0.416667,4.16667,0;0.833333,4.16667,0;1.25,4.16667,0;1.66667,4.16667,0;2.08333,4.16667,0;2.5,4.16667,0;2.91667,4.16667,0;3.33333,4.16667,0;3.75,4.16667,0;4.16667,4.16667,0;4.58333,4.16667,0;5.,4.16667,0;5.41667,4.16667,0;5.83333,4.16667,0;6.25,4.16667,0;6.66667,4.16667,0;7.08333,4.16667,0;7.5,4.16667,0;7.91667,4.16667,0;8.33333,4.16667,0;8.75,4.16667,0;9.16667,4.16667,0;9.58333,4.16667,0;10.,4.16667,0;0.,5.,0;0.416667,5.,0;0.833333,5.,0;1.25,5.,0;1.66667,5.,0;2.08333,5.,0;2.5,5.,0;2.91667,5.,0;3.33333,5.,0;3.75,5.,0;4.16667,5.,0;4.58333,5.,0;5.,5.,0;5.41667,5.,0;5.83333,5.,0;6.25,5.,0;6.66667,5.,0;7.08333,5.,0;7.5,5.,0;7.91667,5.,0;8.33333,5.,0;8.75,5.,0;9.16667,5.,0;9.58333,5.,0;10.,5.,0;0.,5.83333,0;0.416667,5.83333,0;0.833333,5.83333,0;1.25,5.83333,0;1.66667,5.83333,0;2.08333,5.83333,0;2.5,5.83333,0;2.91667,5.83333,0;3.33333,5.83333,0;3.75,5.83333,0;4.16667,5.83333,0;4.58333,5.83333,0;5.,5.83333,0;5.41667,5.83333,0;5.83333,5.83333,0;6.25,5.83333,0;6.66667,5.83333,0;7.08333,5.83333,0;7.5,5.83333,0;7.91667,5.83333,0;8.33333,5.83333,0;8.75,5.83333,0;9.16667,5.83333,0;9.58333,5.83333,0;10.,5.83333,0;0.,6.66667,0;0.416667,6.66667,0;0.833333,6.66667,0;1.25,6.66667,0;1.66667,6.66667,0;2.08333,6.66667,0;2.5,6.66667,0;2.91667,6.66667,0;3.33333,6.66667,0;3.75,6.66667,0;4.16667,6.66667,0;4.58333,6.66667,0;5.,6.66667,0;5.41667,6.66667,0;5.83333,6.66667,0;6.25,6.66667,0;6.66667,6.66667,0;7.08333,6.66667,0;7.5,6.66667,0;7.91667,6.66667,0;8.33333,6.66667,0;8.75,6.66667,0;9.16667,6.66667,0;9.58333,6.66667,0;10.,6.66667,0;0.,7.5,0;0.416667,7.5,0;0.833333,7.5,0;1.25,7.5,0;1.66667,7.5,0;2.08333,7.5,0;2.5,7.5,0;2.91667,7.5,0;3.33333,7.5,0;3.75,7.5,0;4.16667,7.5,0;4.58333,7.5,0;5.,7.5,0;5.41667,7.5,0;5.83333,7.5,0;6.25,7.5,0;6.66667,7.5,0;7.08333,7.5,0;7.5,7.5,0;7.91667,7.5,0;8.33333,7.5,0;8.75,7.5,0;9.16667,7.5,0;9.58333,7.5,0;10.,7.5,0;0.,8.33333,0;0.416667,8.33333,0;0.833333,8.33333,0;1.25,8.33333,0;1.66667,8.33333,0;2.08333,8.33333,0;2.5,8.33333,0;2.91667,8.33333,0;3.33333,8.33333,0;3.75,8.33333,0;4.16667,8.33333,0;4.58333,8.33333,0;5.,8.33333,0;5.41667,8.33333,0;5.83333,8.33333,0;6.25,8.33333,0;6.66667,8.33333,0;7.08333,8.33333,0;7.5,8.33333,0;7.91667,8.33333,0;8.33333,8.33333,0;8.75,8.33333,0;9.16667,8.33333,0;9.58333,8.33333,0;10.,8.33333,0;0.,9.16667,0;0.416667,9.16667,0;0.833333,9.16667,0;1.25,9.16667,0;1.66667,9.16667,0;2.08333,9.16667,0;2.5,9.16667,0;2.91667,9.16667,0;3.33333,9.16667,0;3.75,9.16667,0;4.16667,9.16667,0;4.58333,9.16667,0;5.,9.16667,0;5.41667,9.16667,0;5.83333,9.16667,0;6.25,9.16667,0;6.66667,9.16667,0;7.08333,9.16667,0;7.5,9.16667,0;7.91667,9.16667,0;8.33333,9.16667,0;8.75,9.16667,0;9.16667,9.16667,0;9.58333,9.16667,0;10.,9.16667,0;0.,10.,0;0.416667,10.,0;0.833333,10.,0;1.25,10.,0;1.66667,10.,0;2.08333,10.,0;2.5,10.,0;2.91667,10.,0;3.33333,10.,0;3.75,10.,0;4.16667,10.,0;4.58333,10.,0;5.,10.,0;5.41667,10.,0;5.83333,10.,0;6.25,10.,0;6.66667,10.,0;7.08333,10.,0;7.5,10.,0;7.91667,10.,0;8.33333,10.,0;8.75,10.,0;9.16667,10.,0;9.58333,10.,0;10.,10.,0;0.,0.416667,0;0.833333,0.416667,0;1.66667,0.416667,0;2.5,0.416667,0;3.33333,0.416667,0;4.16667,0.416667,0;5.,0.416667,0;5.83333,0.416667,0;6.66667,0.416667,0;7.5,0.416667,0;8.33333,0.416667,0;9.16667,0.416667,0;10.,0.416667,0;0.,1.25,0;0.833333,1.25,0;1.66667,1.25,0;2.5,1.25,0;3.33333,1.25,0;4.16667,1.25,0;5.,1.25,0;5.83333,1.25,0;6.66667,1.25,0;7.5,1.25,0;8.33333,1.25,0;9.16667,1.25,0;10.,1.25,0;0.,2.08333,0;0.833333,2.08333,0;1.66667,2.08333,0;2.5,2.08333,0;3.33333,2.08333,0;4.16667,2.08333,0;5.,2.08333,0;5.83333,2.08333,0;6.66667,2.08333,0;7.5,2.08333,0;8.33333,2.08333,0;9.16667,2.08333,0;10.,2.08333,0;0.,2.91667,0;0.833333,2.91667,0;1.66667,2.91667,0;2.5,2.91667,0;3.33333,2.91667,0;4.16667,2.91667,0;5.,2.91667,0;5.83333,2.91667,0;6.66667,2.91667,0;7.5,2.91667,0;8.33333,2.91667,0;9.16667,2.91667,0;10.,2.91667,0;0.,3.75,0;0.833333,3.75,0;1.66667,3.75,0;2.5,3.75,0;3.33333,3.75,0;4.16667,3.75,0;5.,3.75,0;5.83333,3.75,0;6.66667,3.75,0;7.5,3.75,0;8.33333,3.75,0;9.16667,3.75,0;10.,3.75,0;0.,4.58333,0;0.833333,4.58333,0;1.66667,4.58333,0;2.5,4.58333,0;3.33333,4.58333,0;4.16667,4.58333,0;5.,4.58333,0;5.83333,4.58333,0;6.66667,4.58333,0;7.5,4.58333,0;8.33333,4.58333,0;9.16667,4.58333,0;10.,4.58333,0;0.,5.41667,0;0.833333,5.41667,0;1.66667,5.41667,0;2.5,5.41667,0;3.33333,5.41667,0;4.16667,5.41667,0;5.,5.41667,0;5.83333,5.41667,0;6.66667,5.41667,0;7.5,5.41667,0;8.33333,5.41667,0;9.16667,5.41667,0;10.,5.41667,0;0.,6.25,0;0.833333,6.25,0;1.66667,6.25,0;2.5,6.25,0;3.33333,6.25,0;4.16667,6.25,0;5.,6.25,0;5.83333,6.25,0;6.66667,6.25,0;7.5,6.25,0;8.33333,6.25,0;9.16667,6.25,0;10.,6.25,0;0.,7.08333,0;0.833333,7.08333,0;1.66667,7.08333,0;2.5,7.08333,0;3.33333,7.08333,0;4.16667,7.08333,0;5.,7.08333,0;5.83333,7.08333,0;6.66667,7.08333,0;7.5,7.08333,0;8.33333,7.08333,0;9.16667,7.08333,0;10.,7.08333,0;0.,7.91667,0;0.833333,7.91667,0;1.66667,7.91667,0;2.5,7.91667,0;3.33333,7.91667,0;4.16667,7.91667,0;5.,7.91667,0;5.83333,7.91667,0;6.66667,7.91667,0;7.5,7.91667,0;8.33333,7.91667,0;9.16667,7.91667,0;10.,7.91667,0;0.,8.75,0;0.833333,8.75,0;1.66667,8.75,0;2.5,8.75,0;3.33333,8.75,0;4.16667,8.75,0;5.,8.75,0;5.83333,8.75,0;6.66667,8.75,0;7.5,8.75,0;8.33333,8.75,0;9.16667,8.75,0;10.,8.75,0;0.,9.58333,0;0.833333,9.58333,0;1.66667,9.58333,0;2.5,9.58333,0;3.33333,9.58333,0;4.16667,9.58333,0;5.,9.58333,0;5.83333,9.58333,0;6.66667,9.58333,0;7.5,9.58333,0;8.33333,9.58333,0;9.16667,9.58333,0;10.,9.58333,0];
E=1e7;   % lb/in2
