% calling this function will load problem geometry into the main program
% refCoords : Problem Node Coordinates in reference Configuration
% E : Young's Modulus
% nn : number of nodes
% nDOFs : total number of degrees of freedom
% elConn : element ID connectivity matrix
% DOFConn : element DOF connectivity matrix
% fixedNodes : essential node numbers
% fixedDOFs : fixed degrees of freedoms
% activeDOFs : active degrees of freedoms
% nADOFs : number of active degrees of freedoms
% L0List : Initial length of elements
% nel : Number Of Elements
% s0List : initial stress in members
nex=14;ney=14;
Lx=10; Ly=10;
Nx=0;   Ny=0;   Nxy=0;
refCoords=[0.,0.,0;0.357143,0.,0;0.714286,0.,0;1.07143,0.,0;1.42857,0.,0;1.78571,0.,0;2.14286,0.,0;2.5,0.,0;2.85714,0.,0;3.21429,0.,0;3.57143,0.,0;3.92857,0.,0;4.28571,0.,0;4.64286,0.,0;5.,0.,0;5.35714,0.,0;5.71429,0.,0;6.07143,0.,0;6.42857,0.,0;6.78571,0.,0;7.14286,0.,0;7.5,0.,0;7.85714,0.,0;8.21429,0.,0;8.57143,0.,0;8.92857,0.,0;9.28571,0.,0;9.64286,0.,0;10.,0.,0;0.,0.714286,0;0.357143,0.714286,0;0.714286,0.714286,0;1.07143,0.714286,0;1.42857,0.714286,0;1.78571,0.714286,0;2.14286,0.714286,0;2.5,0.714286,0;2.85714,0.714286,0;3.21429,0.714286,0;3.57143,0.714286,0;3.92857,0.714286,0;4.28571,0.714286,0;4.64286,0.714286,0;5.,0.714286,0;5.35714,0.714286,0;5.71429,0.714286,0;6.07143,0.714286,0;6.42857,0.714286,0;6.78571,0.714286,0;7.14286,0.714286,0;7.5,0.714286,0;7.85714,0.714286,0;8.21429,0.714286,0;8.57143,0.714286,0;8.92857,0.714286,0;9.28571,0.714286,0;9.64286,0.714286,0;10.,0.714286,0;0.,1.42857,0;0.357143,1.42857,0;0.714286,1.42857,0;1.07143,1.42857,0;1.42857,1.42857,0;1.78571,1.42857,0;2.14286,1.42857,0;2.5,1.42857,0;2.85714,1.42857,0;3.21429,1.42857,0;3.57143,1.42857,0;3.92857,1.42857,0;4.28571,1.42857,0;4.64286,1.42857,0;5.,1.42857,0;5.35714,1.42857,0;5.71429,1.42857,0;6.07143,1.42857,0;6.42857,1.42857,0;6.78571,1.42857,0;7.14286,1.42857,0;7.5,1.42857,0;7.85714,1.42857,0;8.21429,1.42857,0;8.57143,1.42857,0;8.92857,1.42857,0;9.28571,1.42857,0;9.64286,1.42857,0;10.,1.42857,0;0.,2.14286,0;0.357143,2.14286,0;0.714286,2.14286,0;1.07143,2.14286,0;1.42857,2.14286,0;1.78571,2.14286,0;2.14286,2.14286,0;2.5,2.14286,0;2.85714,2.14286,0;3.21429,2.14286,0;3.57143,2.14286,0;3.92857,2.14286,0;4.28571,2.14286,0;4.64286,2.14286,0;5.,2.14286,0;5.35714,2.14286,0;5.71429,2.14286,0;6.07143,2.14286,0;6.42857,2.14286,0;6.78571,2.14286,0;7.14286,2.14286,0;7.5,2.14286,0;7.85714,2.14286,0;8.21429,2.14286,0;8.57143,2.14286,0;8.92857,2.14286,0;9.28571,2.14286,0;9.64286,2.14286,0;10.,2.14286,0;0.,2.85714,0;0.357143,2.85714,0;0.714286,2.85714,0;1.07143,2.85714,0;1.42857,2.85714,0;1.78571,2.85714,0;2.14286,2.85714,0;2.5,2.85714,0;2.85714,2.85714,0;3.21429,2.85714,0;3.57143,2.85714,0;3.92857,2.85714,0;4.28571,2.85714,0;4.64286,2.85714,0;5.,2.85714,0;5.35714,2.85714,0;5.71429,2.85714,0;6.07143,2.85714,0;6.42857,2.85714,0;6.78571,2.85714,0;7.14286,2.85714,0;7.5,2.85714,0;7.85714,2.85714,0;8.21429,2.85714,0;8.57143,2.85714,0;8.92857,2.85714,0;9.28571,2.85714,0;9.64286,2.85714,0;10.,2.85714,0;0.,3.57143,0;0.357143,3.57143,0;0.714286,3.57143,0;1.07143,3.57143,0;1.42857,3.57143,0;1.78571,3.57143,0;2.14286,3.57143,0;2.5,3.57143,0;2.85714,3.57143,0;3.21429,3.57143,0;3.57143,3.57143,0;3.92857,3.57143,0;4.28571,3.57143,0;4.64286,3.57143,0;5.,3.57143,0;5.35714,3.57143,0;5.71429,3.57143,0;6.07143,3.57143,0;6.42857,3.57143,0;6.78571,3.57143,0;7.14286,3.57143,0;7.5,3.57143,0;7.85714,3.57143,0;8.21429,3.57143,0;8.57143,3.57143,0;8.92857,3.57143,0;9.28571,3.57143,0;9.64286,3.57143,0;10.,3.57143,0;0.,4.28571,0;0.357143,4.28571,0;0.714286,4.28571,0;1.07143,4.28571,0;1.42857,4.28571,0;1.78571,4.28571,0;2.14286,4.28571,0;2.5,4.28571,0;2.85714,4.28571,0;3.21429,4.28571,0;3.57143,4.28571,0;3.92857,4.28571,0;4.28571,4.28571,0;4.64286,4.28571,0;5.,4.28571,0;5.35714,4.28571,0;5.71429,4.28571,0;6.07143,4.28571,0;6.42857,4.28571,0;6.78571,4.28571,0;7.14286,4.28571,0;7.5,4.28571,0;7.85714,4.28571,0;8.21429,4.28571,0;8.57143,4.28571,0;8.92857,4.28571,0;9.28571,4.28571,0;9.64286,4.28571,0;10.,4.28571,0;0.,5.,0;0.357143,5.,0;0.714286,5.,0;1.07143,5.,0;1.42857,5.,0;1.78571,5.,0;2.14286,5.,0;2.5,5.,0;2.85714,5.,0;3.21429,5.,0;3.57143,5.,0;3.92857,5.,0;4.28571,5.,0;4.64286,5.,0;5.,5.,0;5.35714,5.,0;5.71429,5.,0;6.07143,5.,0;6.42857,5.,0;6.78571,5.,0;7.14286,5.,0;7.5,5.,0;7.85714,5.,0;8.21429,5.,0;8.57143,5.,0;8.92857,5.,0;9.28571,5.,0;9.64286,5.,0;10.,5.,0;0.,5.71429,0;0.357143,5.71429,0;0.714286,5.71429,0;1.07143,5.71429,0;1.42857,5.71429,0;1.78571,5.71429,0;2.14286,5.71429,0;2.5,5.71429,0;2.85714,5.71429,0;3.21429,5.71429,0;3.57143,5.71429,0;3.92857,5.71429,0;4.28571,5.71429,0;4.64286,5.71429,0;5.,5.71429,0;5.35714,5.71429,0;5.71429,5.71429,0;6.07143,5.71429,0;6.42857,5.71429,0;6.78571,5.71429,0;7.14286,5.71429,0;7.5,5.71429,0;7.85714,5.71429,0;8.21429,5.71429,0;8.57143,5.71429,0;8.92857,5.71429,0;9.28571,5.71429,0;9.64286,5.71429,0;10.,5.71429,0;0.,6.42857,0;0.357143,6.42857,0;0.714286,6.42857,0;1.07143,6.42857,0;1.42857,6.42857,0;1.78571,6.42857,0;2.14286,6.42857,0;2.5,6.42857,0;2.85714,6.42857,0;3.21429,6.42857,0;3.57143,6.42857,0;3.92857,6.42857,0;4.28571,6.42857,0;4.64286,6.42857,0;5.,6.42857,0;5.35714,6.42857,0;5.71429,6.42857,0;6.07143,6.42857,0;6.42857,6.42857,0;6.78571,6.42857,0;7.14286,6.42857,0;7.5,6.42857,0;7.85714,6.42857,0;8.21429,6.42857,0;8.57143,6.42857,0;8.92857,6.42857,0;9.28571,6.42857,0;9.64286,6.42857,0;10.,6.42857,0;0.,7.14286,0;0.357143,7.14286,0;0.714286,7.14286,0;1.07143,7.14286,0;1.42857,7.14286,0;1.78571,7.14286,0;2.14286,7.14286,0;2.5,7.14286,0;2.85714,7.14286,0;3.21429,7.14286,0;3.57143,7.14286,0;3.92857,7.14286,0;4.28571,7.14286,0;4.64286,7.14286,0;5.,7.14286,0;5.35714,7.14286,0;5.71429,7.14286,0;6.07143,7.14286,0;6.42857,7.14286,0;6.78571,7.14286,0;7.14286,7.14286,0;7.5,7.14286,0;7.85714,7.14286,0;8.21429,7.14286,0;8.57143,7.14286,0;8.92857,7.14286,0;9.28571,7.14286,0;9.64286,7.14286,0;10.,7.14286,0;0.,7.85714,0;0.357143,7.85714,0;0.714286,7.85714,0;1.07143,7.85714,0;1.42857,7.85714,0;1.78571,7.85714,0;2.14286,7.85714,0;2.5,7.85714,0;2.85714,7.85714,0;3.21429,7.85714,0;3.57143,7.85714,0;3.92857,7.85714,0;4.28571,7.85714,0;4.64286,7.85714,0;5.,7.85714,0;5.35714,7.85714,0;5.71429,7.85714,0;6.07143,7.85714,0;6.42857,7.85714,0;6.78571,7.85714,0;7.14286,7.85714,0;7.5,7.85714,0;7.85714,7.85714,0;8.21429,7.85714,0;8.57143,7.85714,0;8.92857,7.85714,0;9.28571,7.85714,0;9.64286,7.85714,0;10.,7.85714,0;0.,8.57143,0;0.357143,8.57143,0;0.714286,8.57143,0;1.07143,8.57143,0;1.42857,8.57143,0;1.78571,8.57143,0;2.14286,8.57143,0;2.5,8.57143,0;2.85714,8.57143,0;3.21429,8.57143,0;3.57143,8.57143,0;3.92857,8.57143,0;4.28571,8.57143,0;4.64286,8.57143,0;5.,8.57143,0;5.35714,8.57143,0;5.71429,8.57143,0;6.07143,8.57143,0;6.42857,8.57143,0;6.78571,8.57143,0;7.14286,8.57143,0;7.5,8.57143,0;7.85714,8.57143,0;8.21429,8.57143,0;8.57143,8.57143,0;8.92857,8.57143,0;9.28571,8.57143,0;9.64286,8.57143,0;10.,8.57143,0;0.,9.28571,0;0.357143,9.28571,0;0.714286,9.28571,0;1.07143,9.28571,0;1.42857,9.28571,0;1.78571,9.28571,0;2.14286,9.28571,0;2.5,9.28571,0;2.85714,9.28571,0;3.21429,9.28571,0;3.57143,9.28571,0;3.92857,9.28571,0;4.28571,9.28571,0;4.64286,9.28571,0;5.,9.28571,0;5.35714,9.28571,0;5.71429,9.28571,0;6.07143,9.28571,0;6.42857,9.28571,0;6.78571,9.28571,0;7.14286,9.28571,0;7.5,9.28571,0;7.85714,9.28571,0;8.21429,9.28571,0;8.57143,9.28571,0;8.92857,9.28571,0;9.28571,9.28571,0;9.64286,9.28571,0;10.,9.28571,0;0.,10.,0;0.357143,10.,0;0.714286,10.,0;1.07143,10.,0;1.42857,10.,0;1.78571,10.,0;2.14286,10.,0;2.5,10.,0;2.85714,10.,0;3.21429,10.,0;3.57143,10.,0;3.92857,10.,0;4.28571,10.,0;4.64286,10.,0;5.,10.,0;5.35714,10.,0;5.71429,10.,0;6.07143,10.,0;6.42857,10.,0;6.78571,10.,0;7.14286,10.,0;7.5,10.,0;7.85714,10.,0;8.21429,10.,0;8.57143,10.,0;8.92857,10.,0;9.28571,10.,0;9.64286,10.,0;10.,10.,0;0.,0.357143,0;0.714286,0.357143,0;1.42857,0.357143,0;2.14286,0.357143,0;2.85714,0.357143,0;3.57143,0.357143,0;4.28571,0.357143,0;5.,0.357143,0;5.71429,0.357143,0;6.42857,0.357143,0;7.14286,0.357143,