% calling this function will load problem geometry into the main program
% refCoords : Problem Node Coordinates in reference Configuration
% E : Young's Modulus
% nn : number of nodes
% nDOFs : total number of degrees of freedom
% elConn : element ID connectivity matrix
% DOFConn : element DOF connectivity matrix
% fixedNodes : essential node numbers
% fixedDOFs : fixed degrees of freedoms
% activeDOFs : active degrees of freedoms
% nADOFs : number of active degrees of freedoms
% L0List : Initial length of elements
% nel : Number Of Elements
% s0List : initial stress in members
nex=32;ney=32;
Lx=10; Ly=10;
Nx=0;   Ny=0;   Nxy=0;
refCoords=[0.,0.,0;0.15625,0.,0;0.3125,0.,0;0.46875,0.,0;0.625,0.,0;0.78125,0.,0;0.9375,0.,0;1.09375,0.,0;1.25,0.,0;1.40625,0.,0;1.5625,0.,0;1.71875,0.,0;1.875,0.,0;2.03125,0.,0;2.1875,0.,0;2.34375,0.,0;2.5,0.,0;2.65625,0.,0;2.8125,0.,0;2.96875,0.,0;3.125,0.,0;3.28125,0.,0;3.4375,0.,0;3.59375,0.,0;3.75,0.,0;3.90625,0.,0;4.0625,0.,0;4.21875,0.,0;4.375,0.,0;4.53125,0.,0;4.6875,0.,0;4.84375,0.,0;5.,0.,0;5.15625,0.,0;5.3125,0.,0;5.46875,0.,0;5.625,0.,0;5.78125,0.,0;5.9375,0.,0;6.09375,0.,0;6.25,0.,0;6.40625,0.,0;6.5625,0.,0;6.71875,0.,0;6.875,0.,0;7.03125,0.,0;7.1875,0.,0;7.34375,0.,0;7.5,0.,0;7.65625,0.,0;7.8125,0.,0;7.96875,0.,0;8.125,0.,0;8.28125,0.,0;8.4375,0.,0;8.59375,0.,0;8.75,0.,0;8.90625,0.,0;9.0625,0.,0;9.21875,0.,0;9.375,0.,0;9.53125,0.,0;9.6875,0.,0;9.84375,0.,0;10.,0.,0;0.,0.3125,0;0.15625,0.3125,0;0.3125,0.3125,0;0.46875,0.3125,0;0.625,0.3125,0;0.78125,0.3125,0;0.9375,0.3125,0;1.09375,0.3125,0;1.25,0.3125,0;1.40625,0.3125,0;1.5625,0.3125,0;1.71875,0.3125,0;1.875,0.3125,0;2.03125,0.3125,0;2.1875,0.3125,0;2.34375,0.3125,0;2.5,0.3125,0;2.65625,0.3125,0;2.8125,0.3125,0;2.96875,0.3125,0;3.125,0.3125,0;3.28125,0.3125,0;3.4375,0.3125,0;3.59375,0.3125,0;3.75,0.3125,0;3.90625,0.3125,0;4.0625,0.3125,0;4.21875,0.3125,0;4.375,0.3125,0;4.53125,0.3125,0;4.6875,0.3125,0;4.84375,0.3125,0;5.,0.3125,0;5.15625,0.3125,0;5.3125,0.3125,0;5.46875,0.3125,0;5.625,0.3125,0;5.78125,0.3125,0;5.9375,0.3125,0;6.09375,0.3125,0;6.25,0.3125,0;6.40625,0.3125,0;6.5625,0.3125,0;6.71875,0.3125,0;6.875,0.3125,0;7.03125,0.3125,0;7.1875,0.3125,0;7.34375,0.3125,0;7.5,0.3125,0;7.65625,0.3125,0;7.8125,0.3125,0;7.96875,0.3125,0;8.125,0.3125,0;8.28125,0.3125,0;8.4375,0.3125,0;8.59375,0.3125,0;8.75,0.3125,0;8.90625,0.3125,0;9.0625,0.3125,0;9.21875,0.3125,0;9.375,0.3125,0;9.53125,0.3125,0;9.6875,0.3125,0;9.84375,0.3125,0;10.,0.3125,0;0.,0.625,0;0.15625,0.625,0;0.3125,0.625,0;0.46875,0.625,0;0.625,0.625,0;0.78125,0.625,0;0.9375,0.625,0;1.09375,0.625,0;1.25,0.625,0;1.40625,0.625,0;1.5625,0.625,0;1.71875,0.625,0;1.875,0.625,0;2.03125,0.625,0;2.1875,0.625,0;2.34375,0.625,0;2.5,0.625,0;2.65625,0.625,0;2.8125,0.625,0;2.96875,0.625,0;3.125,0.625,0;3.28125,0.625,0;3.4375,0.625,0;3.59375,0.625,0;3.75,0.625,0;3.90625,0.625,0;4.0625,0.625,0;4.21875,0.625,0;4.375,0.625,0;4.53125,0.625,0;4.6875,0.625,0;4.84375,0.625,0;5.,0.625,0;5.15625,0.625,0;5.3125,0.625,0;5.46875,0.625,0;5.625,0.625,0;5.78125,0.625,0;5.9375,0.625,0;6.09375,0.625,0;6.25,0.625,0;6.40625,0.625,0;6.5625,0.625,0;6.71875,0.625,0;6.875,0.625,0;7.03125,0.625,0;7.1875,0.625,0;7.34375,0.625,0;7.5,0.625,0;7.65625,0.625,0;7.8125,0.625,0;7.96875,0.625,0;8.125,0.625,0;8.28125,0.625,0;8.4375,0.625,0;8.59375,0.625,0;8.75,0.625,0;8.90625,0.625,0;9.0625,0.625,0;9.21875,0.625,0;9.375,0.625,0;9.53125,0.625,0;9.6875,0.625,0;9.84375,0.625,0;10.,0.625,0;0.,0.9375,0;0.15625,0.9375,0;0.3125,0.9375,0;0.46875,0.9375,0;0.625,0.9375,0;0.78125,0.9375,0;0.9375,0.9375,0;1.09375,0.9375,0;1.25,0.9375,0;1.40625,0.9375,0;1.5625,0.9375,0;1.71875,0.9375,0;1.875,0.9375,0;2.03125,0.9375,0;2.1875,0.9375,0;2.34375,0.9375,0;2.5,0.9375,0;2.65625,0.9375,0;2.8125,0.9375,0;2.96875,0.9375,0;3.125,0.9375,0;3.28125,0.9375,0;3.4375,0.9375,0;3.59375,0.9375,0;3.75,0.9375,0;3.90625,0.9375,0;4.0625,0.9375,0;4.21875,0.9375,0;4.375,0.9375,0;4.53125,0.9375,0;4.6875,0.9375,0;4.84375,0.9375,0;5.,0.9375,0;5.15625,0.9375,0;5.3125,0.9375,0;5.46875,0.9375,0;5.625,0.9375,0;5.78125,0.9375,0;5.9375,0.9375,0;6.09375,0.9375,0;6.25,0.9375,0;6.40625,0.9375,0;6.5625,0.9375,0;6.71875,0.9375,0;6.875,0.9375,0;7.03125,0.9375,0;7.1875,0.9375,0;7.34375,0.9375,0;7.5,0.9375,0;7.65625,0.9375,0;7.8125,0.9375,0;7.96875,0.9375,0;8.125,0.9375,0;8.28125,0.9375,0;8.4375,0.9375,0;8.59375,0.9375,0;8.75,0.9375,0;8.90625,0.9375,0;9.0625,0.9375,0;9.21875,0.9375,0;9.375,0.9375,0;9.53125,0.9375,0;9.6875,0.9375,0;9.84375,0.9375,0;10.,0.9375,0;0.,1.25,0;0.15625,1.25,0;0.3125,1.25,0;0.46875,1.25,0;0.625,1.25,0;0.78125,1.25,0;0.9375,1.25,0;1.09375,1.25,0;1.25,1.25,0;1.40625,1.25,0;1.5625,1.25,0;1.71875,1.25,0;1.875,1.25,0;2.03125,1.25,0;2.1875,1.25,0;2.34375,1.25,0;2.5,1.25,0;2.65625,1.25,0;2.8125,1.25,0;2.96875,1.25,0;3.125,1.25,0;3.28125,1.25,0;3.4375,1.25,0;3.59375,1.25,0;3.75,1.25,0;3.90625,1.25,0;4.0625,1.25,0;4.21875,1.25,0;4.375,1.25,0;4.53125,1.25,0;4.6875,1.25,0;4.84375,1.25,0;5.,1.25,0;5.15625,1.25,0;5.3125,1.25,0;5.46875,1.25,0;5.625,1.25,0;5.78125,1.25,0;5.9375,1.25,0;6.09375,1.25,0;6.25,1.25,0;6.40625,1.25,0;6.5625,1.25,0;6.71875,1.25,0;6.875,1.25,0;7.03125,1.25,0;7.1875,1.25,0;7.34375,1.25,0;7.5,1.25,0;7.65625,1.25,0;7.8125,1.25,0;7.96875,1.25,0;8.125,1.25,0;8.28125,1.25,0;8.4375,1.25,0;8.59375,1.25,0;8.75,1.25,0;8.90625,1.25,0;9.0625,1.25,0;9.21875,1.25,0;9.375,1.25,0;9.53125,1.25,0;9.6875,1.25,0;9.84375,1.25,0;10.,1.25,0;0.,1.5625,0;0.15625,1.5625,0;0.3125,1.5625,0;0.46875,1.5625,0;0.625,1.5625,0;0.78125,1.5625,0;0.9375,1.5625,0;1.09375,1.5625,0;1.25,1.5625,0;1.40625,1.5625,0;1.5625,1.5625,0;1.71875,1.5625,0;1.875,1.5625,0;2.03125,1.5625,0;2.1875,1.5625,0;2.34375,1.5625,0;2.5,1.5625,0;2.65625,1.5625,0;2.8125,1.5625,0;2.96875,1.5625,0;3.125,1.5625,0;3.28125,1.5625,0;3.4375,1.5625,0;3.59375,1.5625,0;3.75,1.5625,0;3.90625,1.5625,0;4.0625,1.5625,0;4.21875,1.5625,0;4.375,1.5625,0;4.53125,1.5625,0;4.6875,1.5625,0;4.84375,1.5625,0;5.,1.5625,0;5.15625,1.5625,0;5.3125,1.5625,0;5.46875,1.5625,0;5.625,1.5625,0;5.78125,1.5625,0;5.9375,1.5625,0;6.09375,1.5625,0;6.25,1.5625,0;6.40625,1.5625,0;6.5625,1.5625,0;6.71875,1.5625,0;6.875,1.5625,0;7.03125,1.5625,0;7.1875,1.5625,0;7.34375,1.5625,0;7.5,1.5625,0;7.65625,1.5625,0;7.8125,1.5625,0;7.96875,1.5625,0;8.125,1.5625,0;8.28125,1.5625,0;8.4375,1.5625,0;8.59375,1.5625,0;8.75,1.5625,0;8.90625,1.5625,0;9.0625,1.5625,0;9.21875,1.5625,0;9.375,1.5625,0;9.53125,1.5625,0;9.6875,1.5625,0;9.84375,1.5625,0;10.,1.5625,0;0.,1.875,0;0.15625,1.875,0;0.3125,1.875,0;0.46875,1.875,0;0.625,1.875,0;0.78125,1.875,0;0.9375,1.875,0;1.09375,1.875,0;1.25,1.875,0;1.40625,1.875,0;1.5625,1.875,0;1.71875,1.875,0;1.875,1.875,0;2.03125,1.875,0;2.1875,1.875,0;2.34375,1.875,0;2.5,1.875,0;2.65625,1.875,0;2.8125,1.875,0;2.96875,1.875,0;3.125,1.875,0;3.28125,1.875,0;3.4375,1.875,0;3.59375,1.875,0;3.75,1.875,0;3.90625,1.875,0;4.0625,1.875,0;4.21875,1.875,0;4.375,1.875,0;4.53125,1.875,0;4.6875,1.875,0;4.84375,1.875,0;5.,1.875,0;5.15625,1.875,0;5.3125,1.875,0;5.46875,1.875,0;5.625,1.875,0;5.78125,1.875,0;5.9375,1.875,0;6.09375,1.875,0;6.25,1.875,0;6.40625,1.875,0;6.5625,1.875,0;6.71875,1.875,0;6.875,1.875,0;7.03125,1.875,0;7.1875,1.875,0;7.34375,1.875,0;7.5,1.875,0;7.65625,1.875,0;7.8125,1.875,0;7.96875,1.875,0;8.125,1.875,0;8.28125,1.875,0;8.4375,1.875,0;8.59375,1.875,0;8.75,1.875,0;8.90625,1.875,0;9.0625,1.875,0;9.21875,1.875,0;9.375,1.875,0;9.53125,1.875,0;9.6875,1.875,0;9.84375,1.875,0;10.,1.875,0;0.,2.1875,0;0.15625,2.1875,0;0.3125,2.1875,0;0.46875,2.1875,0;0.625,2.1875,0;0.78125,2.1875,0;0.9375,2.1875,0;1.09375,2.1875,0;1.25,2.1875,0;1.40625,2.1875,0;1.5625,2.1875,0;1.71875,2.1875,0;1.875,2.1875,0;2.03125,2.1875,0;2.1875,2.1875,0;2.34375,2.1875,0;2.5,2.1875,0;2.65625,2.1875,0;2.8125,2.1875,0;2.96875,2.1875,0;3.125,2.1875,0;3.28125,2.1875,0;3.4375,2.1875,0;3.59375,2.1875,0;3.75,2.1875,0;3.90625,2.1875,0;4.0625,2.1875,0;4.21875,2.1875,0;4.375,2.1875,0;4.53125,2.1875,0;4.6875,2.1875,0;4.84375,2.1875,0;5.,2.1875,0;5.15625,2.1875,0;5.3125,2.1875,0;5.46875,2.1875,0;5.625,2.1875,0;5.78125,