% calling this function will load problem geometry into the main program
% refCoords : Problem Node Coordinates in reference Configuration
% E : Young's Modulus
% nn : number of nodes
% nDOFs : total number of degrees of freedom
% elConn : element ID connectivity matrix
% DOFConn : element DOF connectivity matrix
% fixedNodes : essential node numbers
% fixedDOFs : fixed degrees of freedoms
% activeDOFs : active degrees of freedoms
% nADOFs : number of active degrees of freedoms
% L0List : Initial length of elements
% nel : Number Of Elements
% s0List : initial stress in members
nex=24;ney=24;
Lx=10; Ly=10;
Nx=0;   Ny=0;   Nxy=0;
refCoords=[0.,0.,0;0.208333,0.,0;0.416667,0.,0;0.625,0.,0;0.833333,0.,0;1.04167,0.,0;1.25,0.,0;1.45833,0.,0;1.66667,0.,0;1.875,0.,0;2.08333,0.,0;2.29167,0.,0;2.5,0.,0;2.70833,0.,0;2.91667,0.,0;3.125,0.,0;3.33333,0.,0;3.54167,0.,0;3.75,0.,0;3.95833,0.,0;4.16667,0.,0;4.375,0.,0;4.58333,0.,0;4.79167,0.,0;5.,0.,0;5.20833,0.,0;5.41667,0.,0;5.625,0.,0;5.83333,0.,0;6.04167,0.,0;6.25,0.,0;6.45833,0.,0;6.66667,0.,0;6.875,0.,0;7.08333,0.,0;7.29167,0.,0;7.5,0.,0;7.70833,0.,0;7.91667,0.,0;8.125,0.,0;8.33333,0.,0;8.54167,0.,0;8.75,0.,0;8.95833,0.,0;9.16667,0.,0;9.375,0.,0;9.58333,0.,0;9.79167,0.,0;10.,0.,0;0.,0.416667,0;0.208333,0.416667,0;0.416667,0.416667,0;0.625,0.416667,0;0.833333,0.416667,0;1.04167,0.416667,0;1.25,0.416667,0;1.45833,0.416667,0;1.66667,0.416667,0;1.875,0.416667,0;2.08333,0.416667,0;2.29167,0.416667,0;2.5,0.416667,0;2.70833,0.416667,0;2.91667,0.416667,0;3.125,0.416667,0;3.33333,0.416667,0;3.54167,0.416667,0;3.75,0.416667,0;3.95833,0.416667,0;4.16667,0.416667,0;4.375,0.416667,0;4.58333,0.416667,0;4.79167,0.416667,0;5.,0.416667,0;5.20833,0.416667,0;5.41667,0.416667,0;5.625,0.416667,0;5.83333,0.416667,0;6.04167,0.416667,0;6.25,0.416667,0;6.45833,0.416667,0;6.66667,0.416667,0;6.875,0.416667,0;7.08333,0.416667,0;7.29167,0.416667,0;7.5,0.416667,0;7.70833,0.416667,0;7.91667,0.416667,0;8.125,0.416667,0;8.33333,0.416667,0;8.54167,0.416667,0;8.75,0.416667,0;8.95833,0.416667,0;9.16667,0.416667,0;9.375,0.416667,0;9.58333,0.416667,0;9.79167,0.416667,0;10.,0.416667,0;0.,0.833333,0;0.208333,0.833333,0;0.416667,0.833333,0;0.625,0.833333,0;0.833333,0.833333,0;1.04167,0.833333,0;1.25,0.833333,0;1.45833,0.833333,0;1.66667,0.833333,0;1.875,0.833333,0;2.08333,0.833333,0;2.29167,0.833333,0;2.5,0.833333,0;2.70833,0.833333,0;2.91667,0.833333,0;3.125,0.833333,0;3.33333,0.833333,0;3.54167,0.833333,0;3.75,0.833333,0;3.95833,0.833333,0;4.16667,0.833333,0;4.375,0.833333,0;4.58333,0.833333,0;4.79167,0.833333,0;5.,0.833333,0;5.20833,0.833333,0;5.41667,0.833333,0;5.625,0.833333,0;5.83333,0.833333,0;6.04167,0.833333,0;6.25,0.833333,0;6.45833,0.833333,0;6.66667,0.833333,0;6.875,0.833333,0;7.08333,0.833333,0;7.29167,0.833333,0;7.5,0.833333,0;7.70833,0.833333,0;7.91667,0.833333,0;8.125,0.833333,0;8.33333,0.833333,0;8.54167,0.833333,0;8.75,0.833333,0;8.95833,0.833333,0;9.16667,0.833333,0;9.375,0.833333,0;9.58333,0.833333,0;9.79167,0.833333,0;10.,0.833333,0;0.,1.25,0;0.208333,1.25,0;0.416667,1.25,0;0.625,1.25,0;0.833333,1.25,0;1.04167,1.25,0;1.25,1.25,0;1.45833,1.25,0;1.66667,1.25,0;1.875,1.25,0;2.08333,1.25,0;2.29167,1.25,0;2.5,1.25,0;2.70833,1.25,0;2.91667,1.25,0;3.125,1.25,0;3.33333,1.25,0;3.54167,1.25,0;3.75,1.25,0;3.95833,1.25,0;4.16667,1.25,0;4.375,1.25,0;4.58333,1.25,0;4.79167,1.25,0;5.,1.25,0;5.20833,1.25,0;5.41667,1.25,0;5.625,1.25,0;5.83333,1.25,0;6.04167,1.25,0;6.25,1.25,0;6.45833,1.25,0;6.66667,1.25,0;6.875,1.25,0;7.08333,1.25,0;7.29167,1.25,0;7.5,1.25,0;7.70833,1.25,0;7.91667,1.25,0;8.125,1.25,0;8.33333,1.25,0;8.54167,1.25,0;8.75,1.25,0;8.95833,1.25,0;9.16667,1.25,0;9.375,1.25,0;9.58333,1.25,0;9.79167,1.25,0;10.,1.25,0;0.,1.66667,0;0.208333,1.66667,0;0.416667,1.66667,0;0.625,1.66667,0;0.833333,1.66667,0;1.04167,1.66667,0;1.25,1.66667,0;1.45833,1.66667,0;1.66667,1.66667,0;1.875,1.66667,0;2.08333,1.66667,0;2.29167,1.66667,0;2.5,1.66667,0;2.70833,1.66667,0;2.91667,1.66667,0;3.125,1.66667,0;3.33333,1.66667,0;3.54167,1.66667,0;3.75,1.66667,0;3.95833,1.66667,0;4.16667,1.66667,0;4.375,1.66667,0;4.58333,1.66667,0;4.79167,1.66667,0;5.,1.66667,0;5.20833,1.66667,0;5.41667,1.66667,0;5.625,1.66667,0;5.83333,1.66667,0;6.04167,1.66667,0;6.25,1.66667,0;6.45833,1.66667,0;6.66667,1.66667,0;6.875,1.66667,0;7.08333,1.66667,0;7.29167,1.66667,0;7.5,1.66667,0;7.70833,1.66667,0;7.91667,1.66667,0;8.125,1.66667,0;8.33333,1.66667,0;8.54167,1.66667,0;8.75,1.66667,0;8.95833,1.66667,0;9.16667,1.66667,0;9.375,1.66667,0;9.58333,1.66667,0;9.79167,1.66667,0;10.,1.66667,0;0.,2.08333,0;0.208333,2.08333,0;0.416667,2.08333,0;0.625,2.08333,0;0.833333,2.08333,0;1.04167,2.08333,0;1.25,2.08333,0;1.45833,2.08333,0;1.66667,2.08333,0;1.875,2.08333,0;2.08333,2.08333,0;2.29167,2.08333,0;2.5,2.08333,0;2.70833,2.08333,0;2.91667,2.08333,0;3.125,2.08333,0;3.33333,2.08333,0;3.54167,2.08333,0;3.75,2.08333,0;3.95833,2.08333,0;4.16667,2.08333,0;4.375,2.08333,0;4.58333,2.08333,0;4.79167,2.08333,0;5.,2.08333,0;5.20833,2.08333,0;5.41667,2.08333,0;5.625,2.08333,0;5.83333,2.08333,0;6.04167,2.08333,0;6.25,2.08333,0;6.45833,2.08333,0;6.66667,2.08333,0;6.875,2.08333,0;7.08333,2.08333,0;7.29167,2.08333,0;7.5,2.08333,0;7.70833,2.08333,0;7.91667,2.08333,0;8.125,2.08333,0;8.33333,2.08333,0;8.54167,2.08333,0;8.75,2.08333,0;8.95833,2.08333,0;9.16667,2.08333,0;9.375,2.08333,0;9.58333,2.08333,0;9.79167,2.08333,0;10.,2.08333,0;0.,2.5,0;0.208333,2.5,0;0.416667,2.5,0;0.625,2.5,0;0.833333,2.5,0;1.04167,2.5,0;1.25,2.5,0;1.45833,2.5,0;1.66667,2.5,0;1.875,2.5,0;2.08333,2.5,0;2.29167,2.5,0;2.5,2.5,0;2.70833,2.5,0;2.91667,2.5,0;3.125,2.5,0;3.33333,2.5,0;3.54167,2.5,0;3.75,2.5,0;3.95833,2.5,0;4.16667,2.5,0;4.375,2.5,0;4.58333,2.5,0;4.79167,2.5,0;5.,2.5,0;5.20833,2.5,0;5.41667,2.5,0;5.625,2.5,0;5.83333,2.5,0;6.04167,2.5,0;6.25,2.5,0;6.45833,2.5,0;6.66667,2.5,0;6.875,2.5,0;7.08333,2.5,0;7.29167,2.5,0;7.5,2.5,0;7.70833,2.5,0;7.91667,2.5,0;8.125,2.5,0;8.33333,2.5,0;8.54167,2.5,0;8.75,2.5,0;8.95833,2.5,0;9.16667,2.5,0;9.375,2.5,0;9.58333,2.5,0;9.79167,2.5,0;10.,2.5,0;0.,2.91667,0;0.208333,2.91667,0;0.416667,2.91667,0;0.625,2.91667,0;0.833333,2.91667,0;1.04167,2.91667,0;1.25,2.91667,0;1.45833,2.91667,0;1.66667,2.91667,0;1.875,2.91667,0;2.08333,2.91667,0;2.29167,2.91667,0;2.5,2.91667,0;2.70833,2.91667,0;2.91667,2.91667,0;3.125,2.91667,0;3.33333,2.91667,0;3.54167,2.91667,0;3.75,2.91667,0;3.95833,2.91667,0;4.16667,2.91667,0;4.375,2.91667,0;4.58333,2.91667,0;4.79167,2.91667,0;5.,2.91667,0;5.20833,2.91667,0;5.41667,2.91667,0;5.625,2.91667,0;5.83333,2.91667,0;6.04167,2.91667,0;6.25,2.91667,0;6.45833,2.91667,0;6.66667,2.91667,0;6.875,2.91667,0;7.08333,2.91667,0;7.29167,2.91667,0;7.5,2.91667,0;7.70833,2.91667,0;7.91667,2.91667,0;8.125,2.91667,0;8.33333,2.91667,0;8.54167,2.91667,0;8.75,2.91667,0;8.95833,2.91667,0;9.16667,2.91667,0;9.375,2.91667,0;9.58333,2.91667,0;9.79167,2.91667,0;10.,2.91667,0;0.,3.33333,0;0.208333,3.33333,0;0.416667,3.33333,0;0.625,3.33333,0;0.833333,3.33333,0;1.04167,3.33333,0;1.25,3.33333,0;1.45833,3.33333,0;1.66667,3.33333,0;1.875,3.33333,0;2.08333,3.33333,0;2.29167,3.33333,0;2.5,3.33333,0;2.70833,3.33333,0;2.91667,3.33333,0;3.125,3.33333,0;3.33333,3.33333,0;3.54167,3.33333,0;3.75,3.33333,0;3.95833,3.33333,0;4.16667,3.33333,0;4.375,3.33333,0;4.58333,3.33333,0;4.79167,3.33333,0;5.,3.33333,0;5.20833,3.33333,0;5.41667,3.33333,0;5.625,3.33333,0;5.83333,3.33333,0;6.04167,3.33333,0;6.25,3.33333,0;6.45833,3.33333,0;6.66667,3.33333,0;6.875,3.33333,0;7.08333,3.33333,0;7.29167,3.33333,0;7.5,3.33333,0;7.70833,3.33333,0;7.91667,3.33333,0;8.125,3.33333,0;8.33333,3.33333,0;8.54167,3.33333,0;8.75,3.33333,0;8.95833,3.33333,0;9.16667,3.33333,0;9.375,3.33333,0;9.58333,3.33333,0;9.79167,3.33333,0;10.,3.33333,0;0.,3.75,0;0.208333,3.75,0;0.416667,3.75,0;0.625,3.75,0;0.833333,3.75,0;1.04167,3.75,0;1.25,3.75,0;1.45833,3.75,0;1.66667,3.75,0;1.875,3.75,0;2.08333,3.75,0;2.29167,3.75,0;2.5,3.75,0;2.70833,3.75,0;2.91667,3.75,0;3.125,3.75,0;3.33333,3.75,0;3.54167,3.75,0;3.75,3.75,0;3.95833,3.75,0;4.16667,3.75,0;4.375,3.75,0;4.58333,3.75,0;