% calling this function will load problem geometry into the main program
% refCoords : Problem Node Coordinates in reference Configuration
% E : Young's Modulus
% nn : number of nodes
% nDOFs : total number of degrees of freedom
% elConn : element ID connectivity matrix
% DOFConn : element DOF connectivity matrix
% fixedNodes : essential node numbers
% fixedDOFs : fixed degrees of freedoms
% activeDOFs : active degrees of freedoms
% nADOFs : number of active degrees of freedoms
% L0List : Initial length of elements
% nel : Number Of Elements
% s0List : initial stress in members
nex=30;ney=30;
Lx=10; Ly=10;
Nx=0;   Ny=0;   Nxy=0;
refCoords=[0.,0.,0;0.166667,0.,0;0.333333,0.,0;0.5,0.,0;0.666667,0.,0;0.833333,0.,0;1.,0.,0;1.16667,0.,0;1.33333,0.,0;1.5,0.,0;1.66667,0.,0;1.83333,0.,0;2.,0.,0;2.16667,0.,0;2.33333,0.,0;2.5,0.,0;2.66667,0.,0;2.83333,0.,0;3.,0.,0;3.16667,0.,0;3.33333,0.,0;3.5,0.,0;3.66667,0.,0;3.83333,0.,0;4.,0.,0;4.16667,0.,0;4.33333,0.,0;4.5,0.,0;4.66667,0.,0;4.83333,0.,0;5.,0.,0;5.16667,0.,0;5.33333,0.,0;5.5,0.,0;5.66667,0.,0;5.83333,0.,0;6.,0.,0;6.16667,0.,0;6.33333,0.,0;6.5,0.,0;6.66667,0.,0;6.83333,0.,0;7.,0.,0;7.16667,0.,0;7.33333,0.,0;7.5,0.,0;7.66667,0.,0;7.83333,0.,0;8.,0.,0;8.16667,0.,0;8.33333,0.,0;8.5,0.,0;8.66667,0.,0;8.83333,0.,0;9.,0.,0;9.16667,0.,0;9.33333,0.,0;9.5,0.,0;9.66667,0.,0;9.83333,0.,0;10.,0.,0;0.,0.333333,0;0.166667,0.333333,0;0.333333,0.333333,0;0.5,0.333333,0;0.666667,0.333333,0;0.833333,0.333333,0;1.,0.333333,0;1.16667,0.333333,0;1.33333,0.333333,0;1.5,0.333333,0;1.66667,0.333333,0;1.83333,0.333333,0;2.,0.333333,0;2.16667,0.333333,0;2.33333,0.333333,0;2.5,0.333333,0;2.66667,0.333333,0;2.83333,0.333333,0;3.,0.333333,0;3.16667,0.333333,0;3.33333,0.333333,0;3.5,0.333333,0;3.66667,0.333333,0;3.83333,0.333333,0;4.,0.333333,0;4.16667,0.333333,0;4.33333,0.333333,0;4.5,0.333333,0;4.66667,0.333333,0;4.83333,0.333333,0;5.,0.333333,0;5.16667,0.333333,0;5.33333,0.333333,0;5.5,0.333333,0;5.66667,0.333333,0;5.83333,0.333333,0;6.,0.333333,0;6.16667,0.333333,0;6.33333,0.333333,0;6.5,0.333333,0;6.66667,0.333333,0;6.83333,0.333333,0;7.,0.333333,0;7.16667,0.333333,0;7.33333,0.333333,0;7.5,0.333333,0;7.66667,0.333333,0;7.83333,0.333333,0;8.,0.333333,0;8.16667,0.333333,0;8.33333,0.333333,0;8.5,0.333333,0;8.66667,0.333333,0;8.83333,0.333333,0;9.,0.333333,0;9.16667,0.333333,0;9.33333,0.333333,0;9.5,0.333333,0;9.66667,0.333333,0;9.83333,0.333333,0;10.,0.333333,0;0.,0.666667,0;0.166667,0.666667,0;0.333333,0.666667,0;0.5,0.666667,0;0.666667,0.666667,0;0.833333,0.666667,0;1.,0.666667,0;1.16667,0.666667,0;1.33333,0.666667,0;1.5,0.666667,0;1.66667,0.666667,0;1.83333,0.666667,0;2.,0.666667,0;2.16667,0.666667,0;2.33333,0.666667,0;2.5,0.666667,0;2.66667,0.666667,0;2.83333,0.666667,0;3.,0.666667,0;3.16667,0.666667,0;3.33333,0.666667,0;3.5,0.666667,0;3.66667,0.666667,0;3.83333,0.666667,0;4.,0.666667,0;4.16667,0.666667,0;4.33333,0.666667,0;4.5,0.666667,0;4.66667,0.666667,0;4.83333,0.666667,0;5.,0.666667,0;5.16667,0.666667,0;5.33333,0.666667,0;5.5,0.666667,0;5.66667,0.666667,0;5.83333,0.666667,0;6.,0.666667,0;6.16667,0.666667,0;6.33333,0.666667,0;6.5,0.666667,0;6.66667,0.666667,0;6.83333,0.666667,0;7.,0.666667,0;7.16667,0.666667,0;7.33333,0.666667,0;7.5,0.666667,0;7.66667,0.666667,0;7.83333,0.666667,0;8.,0.666667,0;8.16667,0.666667,0;8.33333,0.666667,0;8.5,0.666667,0;8.66667,0.666667,0;8.83333,0.666667,0;9.,0.666667,0;9.16667,0.666667,0;9.33333,0.666667,0;9.5,0.666667,0;9.66667,0.666667,0;9.83333,0.666667,0;10.,0.666667,0;0.,1.,0;0.166667,1.,0;0.333333,1.,0;0.5,1.,0;0.666667,1.,0;0.833333,1.,0;1.,1.,0;1.16667,1.,0;1.33333,1.,0;1.5,1.,0;1.66667,1.,0;1.83333,1.,0;2.,1.,0;2.16667,1.,0;2.33333,1.,0;2.5,1.,0;2.66667,1.,0;2.83333,1.,0;3.,1.,0;3.16667,1.,0;3.33333,1.,0;3.5,1.,0;3.66667,1.,0;3.83333,1.,0;4.,1.,0;4.16667,1.,0;4.33333,1.,0;4.5,1.,0;4.66667,1.,0;4.83333,1.,0;5.,1.,0;5.16667,1.,0;5.33333,1.,0;5.5,1.,0;5.66667,1.,0;5.83333,1.,0;6.,1.,0;6.16667,1.,0;6.33333,1.,0;6.5,1.,0;6.66667,1.,0;6.83333,1.,0;7.,1.,0;7.16667,1.,0;7.33333,1.,0;7.5,1.,0;7.66667,1.,0;7.83333,1.,0;8.,1.,0;8.16667,1.,0;8.33333,1.,0;8.5,1.,0;8.66667,1.,0;8.83333,1.,0;9.,1.,0;9.16667,1.,0;9.33333,1.,0;9.5,1.,0;9.66667,1.,0;9.83333,1.,0;10.,1.,0;0.,1.33333,0;0.166667,1.33333,0;0.333333,1.33333,0;0.5,1.33333,0;0.666667,1.33333,0;0.833333,1.33333,0;1.,1.33333,0;1.16667,1.33333,0;1.33333,1.33333,0;1.5,1.33333,0;1.66667,1.33333,0;1.83333,1.33333,0;2.,1.33333,0;2.16667,1.33333,0;2.33333,1.33333,0;2.5,1.33333,0;2.66667,1.33333,0;2.83333,1.33333,0;3.,1.33333,0;3.16667,1.33333,0;3.33333,1.33333,0;3.5,1.33333,0;3.66667,1.33333,0;3.83333,1.33333,0;4.,1.33333,0;4.16667,1.33333,0;4.33333,1.33333,0;4.5,1.33333,0;4.66667,1.33333,0;4.83333,1.33333,0;5.,1.33333,0;5.16667,1.33333,0;5.33333,1.33333,0;5.5,1.33333,0;5.66667,1.33333,0;5.83333,1.33333,0;6.,1.33333,0;6.16667,1.33333,0;6.33333,1.33333,0;6.5,1.33333,0;6.66667,1.33333,0;6.83333,1.33333,0;7.,1.33333,0;7.16667,1.33333,0;7.33333,1.33333,0;7.5,1.33333,0;7.66667,1.33333,0;7.83333,1.33333,0;8.,1.33333,0;8.16667,1.33333,0;8.33333,1.33333,0;8.5,1.33333,0;8.66667,1.33333,0;8.83333,1.33333,0;9.,1.33333,0;9.16667,1.33333,0;9.33333,1.33333,0;9.5,1.33333,0;9.66667,1.33333,0;9.83333,1.33333,0;10.,1.33333,0;0.,1.66667,0;0.166667,1.66667,0;0.333333,1.66667,0;0.5,1.66667,0;0.666667,1.66667,0;0.833333,1.66667,0;1.,1.66667,0;1.16667,1.66667,0;1.33333,1.66667,0;1.5,1.66667,0;1.66667,1.66667,0;1.83333,1.66667,0;2.,1.66667,0;2.16667,1.66667,0;2.33333,1.66667,0;2.5,1.66667,0;2.66667,1.66667,0;2.83333,1.66667,0;3.,1.66667,0;3.16667,1.66667,0;3.33333,1.66667,0;3.5,1.66667,0;3.66667,1.66667,0;3.83333,1.66667,0;4.,1.66667,0;4.16667,1.66667,0;4.33333,1.66667,0;4.5,1.66667,0;4.66667,1.66667,0;4.83333,1.66667,0;5.,1.66667,0;5.16667,1.66667,0;5.33333,1.66667,0;5.5,1.66667,0;5.66667,1.66667,0;5.83333,1.66667,0;6.,1.66667,0;6.16667,1.66667,0;6.33333,1.66667,0;6.5,1.66667,0;6.66667,1.66667,0;6.83333,1.66667,0;7.,1.66667,0;7.16667,1.66667,0;7.33333,1.66667,0;7.5,1.66667,0;7.66667,1.66667,0;7.83333,1.66667,0;8.,1.66667,0;8.16667,1.66667,0;8.33333,1.66667,0;8.5,1.66667,0;8.66667,1.66667,0;8.83333,1.66667,0;9.,1.66667,0;9.16667,1.66667,0;9.33333,1.66667,0;9.5,1.66667,0;9.66667,1.66667,0;9.83333,1.66667,0;10.,1.66667,0;0.,2.,0;0.166667,2.,0;0.333333,2.,0;0.5,2.,0;0.666667,2.,0;0.833333,2.,0;1.,2.,0;1.16667,2.,0;1.33333,2.,0;1.5,2.,0;1.66667,2.,0;1.83333,2.,0;2.,2.,0;2.16667,2.,0;2.33333,2.,0;2.5,2.,0;2.66667,2.,0;2.83333,2.,0;3.,2.,0;3.16667,2.,0;3.33333,2.,0;3.5,2.,0;3.66667,2.,0;3.83333,2.,0;4.,2.,0;4.16667,2.,0;4.33333,2.,0;4.5,2.,0;4.66667,2.,0;4.83333,2.,0;5.,2.,0;5.16667,2.,0;5.33333,2.,0;5.5,2.,0;5.66667,2.,0;5.83333,2.,0;6.,2.,0;6.16667,2.,0;6.33333,2.,0;6.5,2.,0;6.66667,2.,0;6.83333,2.,0;7.,2.,0;7.16667,2.,0;7.33333,2.,0;7.5,2.,0;7.66667,2.,0;7.83333,2.,0;8.,2.,0;8.16667,2.,0;8.33333,2.,0;8.5,2.,0;8.66667,2.,0;8.83333,2.,0;9.,2.,0;9.16667,2.,0;9.33333,2.,0;9.5,2.,0;9.66667,2.,0;9.83333,2.,0;10.,2.,0;0.,2.33333,0;0.166667,2.33333,0;0.333333,2.33333,0;0.5,2.33333,0;0.666667,2.33333,0;0.833333,2.33333,0;1.,2.33333,0;1.16667,2.33333,0;1.33333,2.33333,0;1.5,2.33333,0;1.66667,2.33333,0;1.83333,2.33333,0;2.,2.33333,0;2.16667,2.33333,0;2.33333,2.33333,0;2.5,2.33333,0;2.66667,2.33333,0;2.83333,2.33333,0;3.,2.33333,0;3.16667,2.33333,0;3.33333,2.33333,0;3.5,2.33333,0;3.66667,2.33333,0;3.83333,2.33333,0;4.,2.33333,0;4.16667,2.33333,0;4.33333,2.33333,0;4.5,2.33333,0;4.66667,2.33333,0;4.83333,2.33333,0;5.,2.33333,0;5.16667,2.33333,0;5.33333,2.33333,0;5.5,2.33333,0;5.66667,2.33333,0;5.83333,2.33333,0;6.,2.33333,0;6.16667,2.33333,0;6.33333,2.33333,0;6.5,2.33333,0;6.66667,2.33333,0;6.83333,2.33333,0;7.,2.33333,0;7.16667,2.33333,0;7.33333,2.33333,0;7.5,2.33333,0;7.66667,2.33333,0;7.83333,2.33333,0;8.,2.33333,0;8.16667,2.33333,0;8.33333,2.33333,0;8.5,2.33333,0;8.66667,2.33333,0;8.83333,2.33333,0;9.,2.33333,0;9.16667,2.33333,0;9.33333,2.33333,0;9.5,2.33333,0;9.66667,2.33333,0;9.83333,2.33333,0;10.,2.33333,0;0.,2.66667,0;0.166667,2.66667,0;0.333333,2.66667,0;0.5,2.66667,0;0.666667,