% calling this function will load problem geometry into the main program
% refCoords : Problem Node Coordinates in reference Configuration
% E : Young's Modulus
% nn : number of nodes
% nDOFs : total number of degrees of freedom
% elConn : element ID connectivity matrix
% DOFConn : element DOF connectivity matrix
% fixedNodes : essential node numbers
% fixedDOFs : fixed degrees of freedoms
% activeDOFs : active degrees of freedoms
% nADOFs : number of active degrees of freedoms
% L0List : Initial length of elements
% nel : Number Of Elements
% s0List : initial stress in members
nex=20;ney=20;
Lx=10; Ly=10;
Nx=0;   Ny=0;   Nxy=0;
refCoords=[0.,0.,0;0.25,0.,0;0.5,0.,0;0.75,0.,0;1.,0.,0;1.25,0.,0;1.5,0.,0;1.75,0.,0;2.,0.,0;2.25,0.,0;2.5,0.,0;2.75,0.,0;3.,0.,0;3.25,0.,0;3.5,0.,0;3.75,0.,0;4.,0.,0;4.25,0.,0;4.5,0.,0;4.75,0.,0;5.,0.,0;5.25,0.,0;5.5,0.,0;5.75,0.,0;6.,0.,0;6.25,0.,0;6.5,0.,0;6.75,0.,0;7.,0.,0;7.25,0.,0;7.5,0.,0;7.75,0.,0;8.,0.,0;8.25,0.,0;8.5,0.,0;8.75,0.,0;9.,0.,0;9.25,0.,0;9.5,0.,0;9.75,0.,0;10.,0.,0;0.,0.5,0;0.25,0.5,0;0.5,0.5,0;0.75,0.5,0;1.,0.5,0;1.25,0.5,0;1.5,0.5,0;1.75,0.5,0;2.,0.5,0;2.25,0.5,0;2.5,0.5,0;2.75,0.5,0;3.,0.5,0;3.25,0.5,0;3.5,0.5,0;3.75,0.5,0;4.,0.5,0;4.25,0.5,0;4.5,0.5,0;4.75,0.5,0;5.,0.5,0;5.25,0.5,0;5.5,0.5,0;5.75,0.5,0;6.,0.5,0;6.25,0.5,0;6.5,0.5,0;6.75,0.5,0;7.,0.5,0;7.25,0.5,0;7.5,0.5,0;7.75,0.5,0;8.,0.5,0;8.25,0.5,0;8.5,0.5,0;8.75,0.5,0;9.,0.5,0;9.25,0.5,0;9.5,0.5,0;9.75,0.5,0;10.,0.5,0;0.,1.,0;0.25,1.,0;0.5,1.,0;0.75,1.,0;1.,1.,0;1.25,1.,0;1.5,1.,0;1.75,1.,0;2.,1.,0;2.25,1.,0;2.5,1.,0;2.75,1.,0;3.,1.,0;3.25,1.,0;3.5,1.,0;3.75,1.,0;4.,1.,0;4.25,1.,0;4.5,1.,0;4.75,1.,0;5.,1.,0;5.25,1.,0;5.5,1.,0;5.75,1.,0;6.,1.,0;6.25,1.,0;6.5,1.,0;6.75,1.,0;7.,1.,0;7.25,1.,0;7.5,1.,0;7.75,1.,0;8.,1.,0;8.25,1.,0;8.5,1.,0;8.75,1.,0;9.,1.,0;9.25,1.,0;9.5,1.,0;9.75,1.,0;10.,1.,0;0.,1.5,0;0.25,1.5,0;0.5,1.5,0;0.75,1.5,0;1.,1.5,0;1.25,1.5,0;1.5,1.5,0;1.75,1.5,0;2.,1.5,0;2.25,1.5,0;2.5,1.5,0;2.75,1.5,0;3.,1.5,0;3.25,1.5,0;3.5,1.5,0;3.75,1.5,0;4.,1.5,0;4.25,1.5,0;4.5,1.5,0;4.75,1.5,0;5.,1.5,0;5.25,1.5,0;5.5,1.5,0;5.75,1.5,0;6.,1.5,0;6.25,1.5,0;6.5,1.5,0;6.75,1.5,0;7.,1.5,0;7.25,1.5,0;7.5,1.5,0;7.75,1.5,0;8.,1.5,0;8.25,1.5,0;8.5,1.5,0;8.75,1.5,0;9.,1.5,0;9.25,1.5,0;9.5,1.5,0;9.75,1.5,0;10.,1.5,0;0.,2.,0;0.25,2.,0;0.5,2.,0;0.75,2.,0;1.,2.,0;1.25,2.,0;1.5,2.,0;1.75,2.,0;2.,2.,0;2.25,2.,0;2.5,2.,0;2.75,2.,0;3.,2.,0;3.25,2.,0;3.5,2.,0;3.75,2.,0;4.,2.,0;4.25,2.,0;4.5,2.,0;4.75,2.,0;5.,2.,0;5.25,2.,0;5.5,2.,0;5.75,2.,0;6.,2.,0;6.25,2.,0;6.5,2.,0;6.75,2.,0;7.,2.,0;7.25,2.,0;7.5,2.,0;7.75,2.,0;8.,2.,0;8.25,2.,0;8.5,2.,0;8.75,2.,0;9.,2.,0;9.25,2.,0;9.5,2.,0;9.75,2.,0;10.,2.,0;0.,2.5,0;0.25,2.5,0;0.5,2.5,0;0.75,2.5,0;1.,2.5,0;1.25,2.5,0;1.5,2.5,0;1.75,2.5,0;2.,2.5,0;2.25,2.5,0;2.5,2.5,0;2.75,2.5,0;3.,2.5,0;3.25,2.5,0;3.5,2.5,0;3.75,2.5,0;4.,2.5,0;4.25,2.5,0;4.5,2.5,0;4.75,2.5,0;5.,2.5,0;5.25,2.5,0;5.5,2.5,0;5.75,2.5,0;6.,2.5,0;6.25,2.5,0;6.5,2.5,0;6.75,2.5,0;7.,2.5,0;7.25,2.5,0;7.5,2.5,0;7.75,2.5,0;8.,2.5,0;8.25,2.5,0;8.5,2.5,0;8.75,2.5,0;9.,2.5,0;9.25,2.5,0;9.5,2.5,0;9.75,2.5,0;10.,2.5,0;0.,3.,0;0.25,3.,0;0.5,3.,0;0.75,3.,0;1.,3.,0;1.25,3.,0;1.5,3.,0;1.75,3.,0;2.,3.,0;2.25,3.,0;2.5,3.,0;2.75,3.,0;3.,3.,0;3.25,3.,0;3.5,3.,0;3.75,3.,0;4.,3.,0;4.25,3.,0;4.5,3.,0;4.75,3.,0;5.,3.,0;5.25,3.,0;5.5,3.,0;5.75,3.,0;6.,3.,0;6.25,3.,0;6.5,3.,0;6.75,3.,0;7.,3.,0;7.25,3.,0;7.5,3.,0;7.75,3.,0;8.,3.,0;8.25,3.,0;8.5,3.,0;8.75,3.,0;9.,3.,0;9.25,3.,0;9.5,3.,0;9.75,3.,0;10.,3.,0;0.,3.5,0;0.25,3.5,0;0.5,3.5,0;0.75,3.5,0;1.,3.5,0;1.25,3.5,0;1.5,3.5,0;1.75,3.5,0;2.,3.5,0;2.25,3.5,0;2.5,3.5,0;2.75,3.5,0;3.,3.5,0;3.25,3.5,0;3.5,3.5,0;3.75,3.5,0;4.,3.5,0;4.25,3.5,0;4.5,3.5,0;4.75,3.5,0;5.,3.5,0;5.25,3.5,0;5.5,3.5,0;5.75,3.5,0;6.,3.5,0;6.25,3.5,0;6.5,3.5,0;6.75,3.5,0;7.,3.5,0;7.25,3.5,0;7.5,3.5,0;7.75,3.5,0;8.,3.5,0;8.25,3.5,0;8.5,3.5,0;8.75,3.5,0;9.,3.5,0;9.25,3.5,0;9.5,3.5,0;9.75,3.5,0;10.,3.5,0;0.,4.,0;0.25,4.,0;0.5,4.,0;0.75,4.,0;1.,4.,0;1.25,4.,0;1.5,4.,0;1.75,4.,0;2.,4.,0;2.25,4.,0;2.5,4.,0;2.75,4.,0;3.,4.,0;3.25,4.,0;3.5,4.,0;3.75,4.,0;4.,4.,0;4.25,4.,0;4.5,4.,0;4.75,4.,0;5.,4.,0;5.25,4.,0;5.5,4.,0;5.75,4.,0;6.,4.,0;6.25,4.,0;6.5,4.,0;6.75,4.,0;7.,4.,0;7.25,4.,0;7.5,4.,0;7.75,4.,0;8.,4.,0;8.25,4.,0;8.5,4.,0;8.75,4.,0;9.,4.,0;9.25,4.,0;9.5,4.,0;9.75,4.,0;10.,4.,0;0.,4.5,0;0.25,4.5,0;0.5,4.5,0;0.75,4.5,0;1.,4.5,0;1.25,4.5,0;1.5,4.5,0;1.75,4.5,0;2.,4.5,0;2.25,4.5,0;2.5,4.5,0;2.75,4.5,0;3.,4.5,0;3.25,4.5,0;3.5,4.5,0;3.75,4.5,0;4.,4.5,0;4.25,4.5,0;4.5,4.5,0;4.75,4.5,0;5.,4.5,0;5.25,4.5,0;5.5,4.5,0;5.75,4.5,0;6.,4.5,0;6.25,4.5,0;6.5,4.5,0;6.75,4.5,0;7.,4.5,0;7.25,4.5,0;7.5,4.5,0;7.75,4.5,0;8.,4.5,0;8.25,4.5,0;8.5,4.5,0;8.75,4.5,0;9.,4.5,0;9.25,4.5,0;9.5,4.5,0;9.75,4.5,0;10.,4.5,0;0.,5.,0;0.25,5.,0;0.5,5.,0;0.75,5.,0;1.,5.,0;1.25,5.,0;1.5,5.,0;1.75,5.,0;2.,5.,0;2.25,5.,0;2.5,5.,0;2.75,5.,0;3.,5.,0;3.25,5.,0;3.5,5.,0;3.75,5.,0;4.,5.,0;4.25,5.,0;4.5,5.,0;4.75,5.,0;5.,5.,0;5.25,5.,0;5.5,5.,0;5.75,5.,0;6.,5.,0;6.25,5.,0;6.5,5.,0;6.75,5.,0;7.,5.,0;7.25,5.,0;7.5,5.,0;7.75,5.,0;8.,5.,0;8.25,5.,0;8.5,5.,0;8.75,5.,0;9.,5.,0;9.25,5.,0;9.5,5.,0;9.75,5.,0;10.,5.,0;0.,5.5,0;0.25,5.5,0;0.5,5.5,0;0.75,5.5,0;1.,5.5,0;1.25,5.5,0;1.5,5.5,0;1.75,5.5,0;2.,5.5,0;2.25,5.5,0;2.5,5.5,0;2.75,5.5,0;3.,5.5,0;3.25,5.5,0;3.5,5.5,0;3.75,5.5,0;4.,5.5,0;4.25,5.5,0;4.5,5.5,0;4.75,5.5,0;5.,5.5,0;5.25,5.5,0;5.5,5.5,0;5.75,5.5,0;6.,5.5,0;6.25,5.5,0;6.5,5.5,0;6.75,5.5,0;7.,5.5,0;7.25,5.5,0;7.5,5.5,0;7.75,5.5,0;8.,5.5,0;8.25,5.5,0;8.5,5.5,0;8.75,5.5,0;9.,5.5,0;9.25,5.5,0;9.5,5.5,0;9.75,5.5,0;10.,5.5,0;0.,6.,0;0.25,6.,0;0.5,6.,0;0.75,6.,0;1.,6.,0;1.25,6.,0;1.5,6.,0;1.75,6.,0;2.,6.,0;2.25,6.,0;2.5,6.,0;2.75,6.,0;3.,6.,0;3.25,6.,0;3.5,6.,0;3.75,6.,0;4.,6.,0;4.25,6.,0;4.5,6.,0;4.75,6.,0;5.,6.,0;5.25,6.,0;5.5,6.,0;5.75,6.,0;6.,6.,0;6.25,6.,0;6.5,6.,0;6.75,6.,0;7.,6.,0;7.25,6.,0;7.5,6.,0;7.75,6.,0;8.,6.,0;8.25,6.,0;8.5,6.,0;8.75,6.,0;9.,6.,0;9.25,6.,0;9.5,6.,0;9.75,6.,0;10.,6.,0;0.,6.5,0;0.25,6.5,0;0.5,6.5,0;0.75,6.5,0;1.,6.5,0;1.25,6.5,0;1.5,6.5,0;1.75,6.5,0;2.,6.5,0;2.25,6.5,0;2.5,6.5,0;2.75,6.5,0;3.,6.5,0;3.25,6.5,0;3.5,6.5,0;3.75,6.5,0;4.,6.5,0;4.25,6.5,0;4.5,6.5,0;4.75,6.5,0;5.,6.5,0;5.25,6.5,0;5.5,6.5,0;5.75,6.5,0;6.,6.5,0;6.25,6.5,0;6.5,6.5,0;6.75,6.5,0;7.,6.5,0;7.25,6.5,0;7.5,6.5,0;7.75,6.5,0;8.,6.5,0;8.25,6.5,0;8.5,6.5,0;8.75,6.5,0;9.,6.5,0;9.25,6.5,0;9.5,6.5,0;9.75,6.5,0;10.,6.5,0;0.,7.,0;0.25,7.,0;0.5,7.,0;0.75,7.,0;1.,7.,0;1.25,7.,0;1.5,7.,0;1.75,7.,0;2.,7.,0;2.25,7.,0;2.5,7.,0;2.75,7.,0;3.,7.,0;3.25,7.,0;3.5,7.,0;3.75,7.,0;4.,7.,0;4.25,7.,0;4.5,7.,0;4.75,7.,0;5.,7.,0;5.25,7.,0;5.5,7.,0;5.75,7.,0;6.,7.,0;6.25,7.,0;6.5,7.,0;6.75,7.,0;7.,7.,0;7.25,7.,0;7.5,7.,0;7.75,7.,0;8.,7.,0;8.25,7.,0;8.5,7.,0;8.75,7.,0;9.,7.,0;9.25,7.,0;9.5,7.,0;9.75,7.,0;10.,7.,0;0.,7.5,0;0.25,7.5,0;0.5,7.5,0;0.75,7.5,0;1.,7.5,0;1.25,7.5,0;1.5,7.5,0;1.75,7.5,0;2.,7.5,0;2.25,7.5,0;2.5,7.5,0;2.75,7.5,0;3.,7.5,0;3.25,7.5,0;3.5,7.5,0;3.75,7.5,0;4.,7.5,0;4.25,7.5,0;4.5,7.5,0;4.75,7.5,0;5.,7.5,0;5.25,7.5,0;5.5,7.5,0;5.75,7.5,0;6.,7.5,0;6.25,7.5,0;6.5,7.5,0;6.75,7.5,0;7.,7.5,0;7.25,7.5,0;7.5,7.5,0;7.75,7.5,0;8.,7.5,0;8.25,7.5,0;8.5,7.5,0;8.75,7.5,0;9.,7.5,0;9.25,7.5,0;9.5,7.5,0;9.75,7.5,0;10.,7.5,0;0.,8.,0;0.25,8.,0;0.5,8.,0;0.75,8.,0;1.,8.,0;1.25,8.,0;1.5,8.,0;1.75,8.,0;2.,8.,0;2.25,8.,0;2.5,8.,0;2.75,8.,0;3.,8.,0;3.25,8.,0;3.5,8.,0;3.75,8.,0;4.,8.,0;4.25,8.,0;4.5,8.,0;4.75,8.,0;5.,8.,0;5.25,8.,0;5.5,8.,0;5.75,8.,0;6.,8.,0;6.25,8.,0;6.5,8.,0;6.75,8.,0;7.,8.,0;7.25,8.,0;7.5,8.,0;7.75,8.,0;8.,8.,0;8.25,8.,0;8.5,8.,0;8.75,8.,0;9.,8.,0;9.25,8.,0;9.5,8.,0;9.75,8.,0;10.,8.,0;0.,8.5,0;0.25,8.5,0;0.5,8.5,0;0.75,8.5,0;1.,8.5,0;1.25,8.5,0;1.5,8.5,0;1.75,8.5,0;2.,8.5,0;2.25,8.5,0;2.5,8.5,0;2.75,8.5,0;3.,8.5,0;3.25,8.5,0;3.5,8.5,0;3.75,8.5,0;4.,8.5,0;4.25,8.5,0;4.5,8.5,0;4.75,8.5,0;5.,8.5,0;5.25,8.5,0;5.5,8.5,0;5.75,8.5,0;6.,8.5,0;6.25,8.5,0;6.5,8.5,0;6.75,8.5,0;7.,8.5,0;7.25,8.5,0;7.5,8.5,0;7.75,8.5,0;8.,8.5,0;8.25,8.5,0;8.5,8.5,0;8.75,8.5,0;9.,8.5,0;9.25,8.5,0;9.5,8.5,0;9.75,8.5,0;10.,8.5,0;0.,9.,0;0.25,9.,0;0.5,9.,0;0.75,9.,0;1.,9.,0;1.25,9.,0;1.5,9.,0;1.75,9.,0;2.,9.,0;2.25,9.,0;2.5,9.,0;2.75,9.,0;3.,9.,0;3.25,9.,0;3.5,9.,0;3.75,9.,0;4.,9.,0;4.25,