% calling this function will load problem geometry into the main program
% refCoords : Problem Node Coordinates in reference Configuration
% E : Young's Modulus
% nn : number of nodes
% nDOFs : total number of degrees of freedom
% elConn : element ID connectivity matrix
% DOFConn : element DOF connectivity matrix
% fixedNodes : essential node numbers
% fixedDOFs : fixed degrees of freedoms
% activeDOFs : active degrees of freedoms
% nADOFs : number of active degrees of freedoms
% L0List : Initial length of elements
% nel : Number Of Elements
% s0List : initial stress in members
nex=16;ney=16;
Lx=10; Ly=10;
Nx=0;   Ny=0;   Nxy=0;
refCoords=[0.,0.,0;0.3125,0.,0;0.625,0.,0;0.9375,0.,0;1.25,0.,0;1.5625,0.,0;1.875,0.,0;2.1875,0.,0;2.5,0.,0;2.8125,0.,0;3.125,0.,0;3.4375,0.,0;3.75,0.,0;4.0625,0.,0;4.375,0.,0;4.6875,0.,0;5.,0.,0;5.3125,0.,0;5.625,0.,0;5.9375,0.,0;6.25,0.,0;6.5625,0.,0;6.875,0.,0;7.1875,0.,0;7.5,0.,0;7.8125,0.,0;8.125,0.,0;8.4375,0.,0;8.75,0.,0;9.0625,0.,0;9.375,0.,0;9.6875,0.,0;10.,0.,0;0.,0.625,0;0.3125,0.625,0;0.625,0.625,0;0.9375,0.625,0;1.25,0.625,0;1.5625,0.625,0;1.875,0.625,0;2.1875,0.625,0;2.5,0.625,0;2.8125,0.625,0;3.125,0.625,0;3.4375,0.625,0;3.75,0.625,0;4.0625,0.625,0;4.375,0.625,0;4.6875,0.625,0;5.,0.625,0;5.3125,0.625,0;5.625,0.625,0;5.9375,0.625,0;6.25,0.625,0;6.5625,0.625,0;6.875,0.625,0;7.1875,0.625,0;7.5,0.625,0;7.8125,0.625,0;8.125,0.625,0;8.4375,0.625,0;8.75,0.625,0;9.0625,0.625,0;9.375,0.625,0;9.6875,0.625,0;10.,0.625,0;0.,1.25,0;0.3125,1.25,0;0.625,1.25,0;0.9375,1.25,0;1.25,1.25,0;1.5625,1.25,0;1.875,1.25,0;2.1875,1.25,0;2.5,1.25,0;2.8125,1.25,0;3.125,1.25,0;3.4375,1.25,0;3.75,1.25,0;4.0625,1.25,0;4.375,1.25,0;4.6875,1.25,0;5.,1.25,0;5.3125,1.25,0;5.625,1.25,0;5.9375,1.25,0;6.25,1.25,0;6.5625,1.25,0;6.875,1.25,0;7.1875,1.25,0;7.5,1.25,0;7.8125,1.25,0;8.125,1.25,0;8.4375,1.25,0;8.75,1.25,0;9.0625,1.25,0;9.375,1.25,0;9.6875,1.25,0;10.,1.25,0;0.,1.875,0;0.3125,1.875,0;0.625,1.875,0;0.9375,1.875,0;1.25,1.875,0;1.5625,1.875,0;1.875,1.875,0;2.1875,1.875,0;2.5,1.875,0;2.8125,1.875,0;3.125,1.875,0;3.4375,1.875,0;3.75,1.875,0;4.0625,1.875,0;4.375,1.875,0;4.6875,1.875,0;5.,1.875,0;5.3125,1.875,0;5.625,1.875,0;5.9375,1.875,0;6.25,1.875,0;6.5625,1.875,0;6.875,1.875,0;7.1875,1.875,0;7.5,1.875,0;7.8125,1.875,0;8.125,1.875,0;8.4375,1.875,0;8.75,1.875,0;9.0625,1.875,0;9.375,1.875,0;9.6875,1.875,0;10.,1.875,0;0.,2.5,0;0.3125,2.5,0;0.625,2.5,0;0.9375,2.5,0;1.25,2.5,0;1.5625,2.5,0;1.875,2.5,0;2.1875,2.5,0;2.5,2.5,0;2.8125,2.5,0;3.125,2.5,0;3.4375,2.5,0;3.75,2.5,0;4.0625,2.5,0;4.375,2.5,0;4.6875,2.5,0;5.,2.5,0;5.3125,2.5,0;5.625,2.5,0;5.9375,2.5,0;6.25,2.5,0;6.5625,2.5,0;6.875,2.5,0;7.1875,2.5,0;7.5,2.5,0;7.8125,2.5,0;8.125,2.5,0;8.4375,2.5,0;8.75,2.5,0;9.0625,2.5,0;9.375,2.5,0;9.6875,2.5,0;10.,2.5,0;0.,3.125,0;0.3125,3.125,0;0.625,3.125,0;0.9375,3.125,0;1.25,3.125,0;1.5625,3.125,0;1.875,3.125,0;2.1875,3.125,0;2.5,3.125,0;2.8125,3.125,0;3.125,3.125,0;3.4375,3.125,0;3.75,3.125,0;4.0625,3.125,0;4.375,3.125,0;4.6875,3.125,0;5.,3.125,0;5.3125,3.125,0;5.625,3.125,0;5.9375,3.125,0;6.25,3.125,0;6.5625,3.125,0;6.875,3.125,0;7.1875,3.125,0;7.5,3.125,0;7.8125,3.125,0;8.125,3.125,0;8.4375,3.125,0;8.75,3.125,0;9.0625,3.125,0;9.375,3.125,0;9.6875,3.125,0;10.,3.125,0;0.,3.75,0;0.3125,3.75,0;0.625,3.75,0;0.9375,3.75,0;1.25,3.75,0;1.5625,3.75,0;1.875,3.75,0;2.1875,3.75,0;2.5,3.75,0;2.8125,3.75,0;3.125,3.75,0;3.4375,3.75,0;3.75,3.75,0;4.0625,3.75,0;4.375,3.75,0;4.6875,3.75,0;5.,3.75,0;5.3125,3.75,0;5.625,3.75,0;5.9375,3.75,0;6.25,3.75,0;6.5625,3.75,0;6.875,3.75,0;7.1875,3.75,0;7.5,3.75,0;7.8125,3.75,0;8.125,3.75,0;8.4375,3.75,0;8.75,3.75,0;9.0625,3.75,0;9.375,3.75,0;9.6875,3.75,0;10.,3.75,0;0.,4.375,0;0.3125,4.375,0;0.625,4.375,0;0.9375,4.375,0;1.25,4.375,0;1.5625,4.375,0;1.875,4.375,0;2.1875,4.375,0;2.5,4.375,0;2.8125,4.375,0;3.125,4.375,0;3.4375,4.375,0;3.75,4.375,0;4.0625,4.375,0;4.375,4.375,0;4.6875,4.375,0;5.,4.375,0;5.3125,4.375,0;5.625,4.375,0;5.9375,4.375,0;6.25,4.375,0;6.5625,4.375,0;6.875,4.375,0;7.1875,4.375,0;7.5,4.375,0;7.8125,4.375,0;8.125,4.375,0;8.4375,4.375,0;8.75,4.375,0;9.0625,4.375,0;9.375,4.375,0;9.6875,4.375,0;10.,4.375,0;0.,5.,0;0.3125,5.,0;0.625,5.,0;0.9375,5.,0;1.25,5.,0;1.5625,5.,0;1.875,5.,0;2.1875,5.,0;2.5,5.,0;2.8125,5.,0;3.125,5.,0;3.4375,5.,0;3.75,5.,0;4.0625,5.,0;4.375,5.,0;4.6875,5.,0;5.,5.,0;5.3125,5.,0;5.625,5.,0;5.9375,5.,0;6.25,5.,0;6.5625,5.,0;6.875,5.,0;7.1875,5.,0;7.5,5.,0;7.8125,5.,0;8.125,5.,0;8.4375,5.,0;8.75,5.,0;9.0625,5.,0;9.375,5.,0;9.6875,5.,0;10.,5.,0;0.,5.625,0;0.3125,5.625,0;0.625,5.625,0;0.9375,5.625,0;1.25,5.625,0;1.5625,5.625,0;1.875,5.625,0;2.1875,5.625,0;2.5,5.625,0;2.8125,5.625,0;3.125,5.625,0;3.4375,5.625,0;3.75,5.625,0;4.0625,5.625,0;4.375,5.625,0;4.6875,5.625,0;5.,5.625,0;5.3125,5.625,0;5.625,5.625,0;5.9375,5.625,0;6.25,5.625,0;6.5625,5.625,0;6.875,5.625,0;7.1875,5.625,0;7.5,5.625,0;7.8125,5.625,0;8.125,5.625,0;8.4375,5.625,0;8.75,5.625,0;9.0625,5.625,0;9.375,5.625,0;9.6875,5.625,0;10.,5.625,0;0.,6.25,0;0.3125,6.25,0;0.625,6.25,0;0.9375,6.25,0;1.25,6.25,0;1.5625,6.25,0;1.875,6.25,0;2.1875,6.25,0;2.5,6.25,0;2.8125,6.25,0;3.125,6.25,0;3.4375,6.25,0;3.75,6.25,0;4.0625,6.25,0;4.375,6.25,0;4.6875,6.25,0;5.,6.25,0;5.3125,6.25,0;5.625,6.25,0;5.9375,6.25,0;6.25,6.25,0;6.5625,6.25,0;6.875,6.25,0;7.1875,6.25,0;7.5,6.25,0;7.8125,6.25,0;8.125,6.25,0;8.4375,6.25,0;8.75,6.25,0;9.0625,6.25,0;9.375,6.25,0;9.6875,6.25,0;10.,6.25,0;0.,6.875,0;0.3125,6.875,0;0.625,6.875,0;0.9375,6.875,0;1.25,6.875,0;1.5625,6.875,0;1.875,6.875,0;2.1875,6.875,0;2.5,6.875,0;2.8125,6.875,0;3.125,6.875,0;3.4375,6.875,0;3.75,6.875,0;4.0625,6.875,0;4.375,6.875,0;4.6875,6.875,0;5.,6.875,0;5.3125,6.875,0;5.625,6.875,0;5.9375,6.875,0;6.25,6.875,0;6.5625,6.875,0;6.875,6.875,0;7.1875,6.875,0;7.5,6.875,0;7.8125,6.875,0;8.125,6.875,0;8.4375,6.875,0;8.75,6.875,0;9.0625,6.875,0;9.375,6.875,0;9.6875,6.875,0;10.,6.875,0;0.,7.5,0;0.3125,7.5,0;0.625,7.5,0;0.9375,7.5,0;1.25,7.5,0;1.5625,7.5,0;1.875,7.5,0;2.1875,7.5,0;2.5,7.5,0;2.8125,7.5,0;3.125,7.5,0;3.4375,7.5,0;3.75,7.5,0;4.0625,7.5,0;4.375,7.5,0;4.6875,7.5,0;5.,7.5,0;5.3125,7.5,0;5.625,7.5,0;5.9375,7.5,0;6.25,7.5,0;6.5625,7.5,0;6.875,7.5,0;7.1875,7.5,0;7.5,7.5,0;7.8125,7.5,0;8.125,7.5,0;8.4375,7.5,0;8.75,7.5,0;9.0625,7.5,0;9.375,7.5,0;9.6875,7.5,0;10.,7.5,0;0.,8.125,0;0.3125,8.125,0;0.625,8.125,0;0.9375,8.125,0;1.25,8.125,0;1.5625,8.125,0;1.875,8.125,0;2.1875,8.125,0;2.5,8.125,0;2.8125,8.125,0;3.125,8.125,0;3.4375,8.125,0;3.75,8.125,0;4.0625,8.125,0;4.375,8.125,0;4.6875,8.125,0;5.,8.125,0;5.3125,8.125,0;5.625,8.125,0;5.9375,8.125,0;6.25,8.125,0;6.5625,8.125,0;6.875,8.125,0;7.1875,8.125,0;7.5,8.125,0;7.8125,8.125,0;8.125,8.125,0;8.4375,8.125,0;8.75,8.125,0;9.0625,8.125,0;9.375,8.125,0;9.6875,8.125,0;10.,8.125,0;0.,8.75,0;0.3125,8.75,0;0.625,8.75,0;0.9375,8.75,0;1.25,8.75,0;1.5625,8.75,0;1.875,8.75,0;2.1875,8.75,0;2.5,8.75,0;2.8125,8.75,0;3.125,8.75,0;3.4375,8.75,0;3.75,8.75,0;4.0625,8.75,0;4.375,8.75,0;4.6875,8.75,0;5.,8.75,0;5.3125,8.75,0;5.625,8.75,0;5.9375,8.75,0;6.25,8.75,0;6.5625,8.75,0;6.875,8.75,0;7.1875,8.75,0;7.5,8.75,0;7.8125,8.75,0;8.125,8.75,0;8.4375,8.75,0;8.75,8.75,0;9.0625,8.75,0;9.375,8.75,0;9.6875,8.75,0;10.,8.75,0;0.,9.375,0;0.3125,9.375,0;0.625,9.375,0;0.9375,9.375,0;1.25,9.375,0;1.5625,9.375,0;1.875,9.375,0;2.1875,9.375,0;2.5,9.375,0;2.8125,9.375,0;3.125,9.375,0;3.4375,9.375,0;3.75,9.375,0;4.0625,9.375,0;4.375,9.375,0;4.6875,9.375,0;5.,9.375,0;5.3125,9.375,0;5.625,9.375,0;5.9375,9.375,0;6.25,9.375,0;6.5625,9.375,0;6.875,9.375,0;7.1875,9.375,0;7.5,9.375,0;7.8125,9.375,0;8.125,9.375,0;8.4375,9.375,0;8.75,9.375,0;9.0625,9.375,0;9.375,9.375,0;9.6875,9.375,0;10.,9.375,0;0.,10.,0;0.3125,10.,0;0.625,10.,0;0.9375,10.,0;1.25,10.,0;1.5625,10.,0;1.875,10.,0;2.1875,10.,0;2.5,10.,0;2.8125,10.,0;3.125,10.,0;3.4375,10.,0;3.75,10.,0;4.0625,10.,0;4.375,10.,0;4.6875,10.,0;5.,10.,0;5.3125,10.,0;5.625,10.,0;5.9375,10.,0;6.25,10.,0;6.5625,10.,0;6.875,10.,0;7.1875,10.,0;7.5,10.,0;7.8125,10.,0;8.125,10.,0;8.4375,10.,0;8.75,10.,0;9.0625,10.,0;9.375,10.,0;9.6875,10.,0;10.,10.,0;0.,0.3125,0;0.625,0.3125,