% calling this function will load problem geometry into the main program
% refCoords : Problem Node Coordinates in reference Configuration
% E : Young's Modulus
% nn : number of nodes
% nDOFs : total number of degrees of freedom
% elConn : element ID connectivity matrix
% DOFConn : element DOF connectivity matrix
% fixedNodes : essential node numbers
% fixedDOFs : fixed degrees of freedoms
% activeDOFs : active degrees of freedoms
% nADOFs : number of active degrees of freedoms
% L0List : Initial length of elements
% nel : Number Of Elements
% s0List : initial stress in members
nex=22;ney=22;
Lx=10; Ly=10;
Nx=0;   Ny=0;   Nxy=0;
refCoords=[0.,0.,0;0.227273,0.,0;0.454545,0.,0;0.681818,0.,0;0.909091,0.,0;1.13636,0.,0;1.36364,0.,0;1.59091,0.,0;1.81818,0.,0;2.04545,0.,0;2.27273,0.,0;2.5,0.,0;2.72727,0.,0;2.95455,0.,0;3.18182,0.,0;3.40909,0.,0;3.63636,0.,0;3.86364,0.,0;4.09091,0.,0;4.31818,0.,0;4.54545,0.,0;4.77273,0.,0;5.,0.,0;5.22727,0.,0;5.45455,0.,0;5.68182,0.,0;5.90909,0.,0;6.13636,0.,0;6.36364,0.,0;6.59091,0.,0;6.81818,0.,0;7.04545,0.,0;7.27273,0.,0;7.5,0.,0;7.72727,0.,0;7.95455,0.,0;8.18182,0.,0;8.40909,0.,0;8.63636,0.,0;8.86364,0.,0;9.09091,0.,0;9.31818,0.,0;9.54545,0.,0;9.77273,0.,0;10.,0.,0;0.,0.454545,0;0.227273,0.454545,0;0.454545,0.454545,0;0.681818,0.454545,0;0.909091,0.454545,0;1.13636,0.454545,0;1.36364,0.454545,0;1.59091,0.454545,0;1.81818,0.454545,0;2.04545,0.454545,0;2.27273,0.454545,0;2.5,0.454545,0;2.72727,0.454545,0;2.95455,0.454545,0;3.18182,0.454545,0;3.40909,0.454545,0;3.63636,0.454545,0;3.86364,0.454545,0;4.09091,0.454545,0;4.31818,0.454545,0;4.54545,0.454545,0;4.77273,0.454545,0;5.,0.454545,0;5.22727,0.454545,0;5.45455,0.454545,0;5.68182,0.454545,0;5.90909,0.454545,0;6.13636,0.454545,0;6.36364,0.454545,0;6.59091,0.454545,0;6.81818,0.454545,0;7.04545,0.454545,0;7.27273,0.454545,0;7.5,0.454545,0;7.72727,0.454545,0;7.95455,0.454545,0;8.18182,0.454545,0;8.40909,0.454545,0;8.63636,0.454545,0;8.86364,0.454545,0;9.09091,0.454545,0;9.31818,0.454545,0;9.54545,0.454545,0;9.77273,0.454545,0;10.,0.454545,0;0.,0.909091,0;0.227273,0.909091,0;0.454545,0.909091,0;0.681818,0.909091,0;0.909091,0.909091,0;1.13636,0.909091,0;1.36364,0.909091,0;1.59091,0.909091,0;1.81818,0.909091,0;2.04545,0.909091,0;2.27273,0.909091,0;2.5,0.909091,0;2.72727,0.909091,0;2.95455,0.909091,0;3.18182,0.909091,0;3.40909,0.909091,0;3.63636,0.909091,0;3.86364,0.909091,0;4.09091,0.909091,0;4.31818,0.909091,0;4.54545,0.909091,0;4.77273,0.909091,0;5.,0.909091,0;5.22727,0.909091,0;5.45455,0.909091,0;5.68182,0.909091,0;5.90909,0.909091,0;6.13636,0.909091,0;6.36364,0.909091,0;6.59091,0.909091,0;6.81818,0.909091,0;7.04545,0.909091,0;7.27273,0.909091,0;7.5,0.909091,0;7.72727,0.909091,0;7.95455,0.909091,0;8.18182,0.909091,0;8.40909,0.909091,0;8.63636,0.909091,0;8.86364,0.909091,0;9.09091,0.909091,0;9.31818,0.909091,0;9.54545,0.909091,0;9.77273,0.909091,0;10.,0.909091,0;0.,1.36364,0;0.227273,1.36364,0;0.454545,1.36364,0;0.681818,1.36364,0;0.909091,1.36364,0;1.13636,1.36364,0;1.36364,1.36364,0;1.59091,1.36364,0;1.81818,1.36364,0;2.04545,1.36364,0;2.27273,1.36364,0;2.5,1.36364,0;2.72727,1.36364,0;2.95455,1.36364,0;3.18182,1.36364,0;3.40909,1.36364,0;3.63636,1.36364,0;3.86364,1.36364,0;4.09091,1.36364,0;4.31818,1.36364,0;4.54545,1.36364,0;4.77273,1.36364,0;5.,1.36364,0;5.22727,1.36364,0;5.45455,1.36364,0;5.68182,1.36364,0;5.90909,1.36364,0;6.13636,1.36364,0;6.36364,1.36364,0;6.59091,1.36364,0;6.81818,1.36364,0;7.04545,1.36364,0;7.27273,1.36364,0;7.5,1.36364,0;7.72727,1.36364,0;7.95455,1.36364,0;8.18182,1.36364,0;8.40909,1.36364,0;8.63636,1.36364,0;8.86364,1.36364,0;9.09091,1.36364,0;9.31818,1.36364,0;9.54545,1.36364,0;9.77273,1.36364,0;10.,1.36364,0;0.,1.81818,0;0.227273,1.81818,0;0.454545,1.81818,0;0.681818,1.81818,0;0.909091,1.81818,0;1.13636,1.81818,0;1.36364,1.81818,0;1.59091,1.81818,0;1.81818,1.81818,0;2.04545,1.81818,0;2.27273,1.81818,0;2.5,1.81818,0;2.72727,1.81818,0;2.95455,1.81818,0;3.18182,1.81818,0;3.40909,1.81818,0;3.63636,1.81818,0;3.86364,1.81818,0;4.09091,1.81818,0;4.31818,1.81818,0;4.54545,1.81818,0;4.77273,1.81818,0;5.,1.81818,0;5.22727,1.81818,0;5.45455,1.81818,0;5.68182,1.81818,0;5.90909,1.81818,0;6.13636,1.81818,0;6.36364,1.81818,0;6.59091,1.81818,0;6.81818,1.81818,0;7.04545,1.81818,0;7.27273,1.81818,0;7.5,1.81818,0;7.72727,1.81818,0;7.95455,1.81818,0;8.18182,1.81818,0;8.40909,1.81818,0;8.63636,1.81818,0;8.86364,1.81818,0;9.09091,1.81818,0;9.31818,1.81818,0;9.54545,1.81818,0;9.77273,1.81818,0;10.,1.81818,0;0.,2.27273,0;0.227273,2.27273,0;0.454545,2.27273,0;0.681818,2.27273,0;0.909091,2.27273,0;1.13636,2.27273,0;1.36364,2.27273,0;1.59091,2.27273,0;1.81818,2.27273,0;2.04545,2.27273,0;2.27273,2.27273,0;2.5,2.27273,0;2.72727,2.27273,0;2.95455,2.27273,0;3.18182,2.27273,0;3.40909,2.27273,0;3.63636,2.27273,0;3.86364,2.27273,0;4.09091,2.27273,0;4.31818,2.27273,0;4.54545,2.27273,0;4.77273,2.27273,0;5.,2.27273,0;5.22727,2.27273,0;5.45455,2.27273,0;5.68182,2.27273,0;5.90909,2.27273,0;6.13636,2.27273,0;6.36364,2.27273,0;6.59091,2.27273,0;6.81818,2.27273,0;7.04545,2.27273,0;7.27273,2.27273,0;7.5,2.27273,0;7.72727,2.27273,0;7.95455,2.27273,0;8.18182,2.27273,0;8.40909,2.27273,0;8.63636,2.27273,0;8.86364,2.27273,0;9.09091,2.27273,0;9.31818,2.27273,0;9.54545,2.27273,0;9.77273,2.27273,0;10.,2.27273,0;0.,2.72727,0;0.227273,2.72727,0;0.454545,2.72727,0;0.681818,2.72727,0;0.909091,2.72727,0;1.13636,2.72727,0;1.36364,2.72727,0;1.59091,2.72727,0;1.81818,2.72727,0;2.04545,2.72727,0;2.27273,2.72727,0;2.5,2.72727,0;2.72727,2.72727,0;2.95455,2.72727,0;3.18182,2.72727,0;3.40909,2.72727,0;3.63636,2.72727,0;3.86364,2.72727,0;4.09091,2.72727,0;4.31818,2.72727,0;4.54545,2.72727,0;4.77273,2.72727,0;5.,2.72727,0;5.22727,2.72727,0;5.45455,2.72727,0;5.68182,2.72727,0;5.90909,2.72727,0;6.13636,2.72727,0;6.36364,2.72727,0;6.59091,2.72727,0;6.81818,2.72727,0;7.04545,2.72727,0;7.27273,2.72727,0;7.5,2.72727,0;7.72727,2.72727,0;7.95455,2.72727,0;8.18182,2.72727,0;8.40909,2.72727,0;8.63636,2.72727,0;8.86364,2.72727,0;9.09091,2.72727,0;9.31818,2.72727,0;9.54545,2.72727,0;9.77273,2.72727,0;10.,2.72727,0;0.,3.18182,0;0.227273,3.18182,0;0.454545,3.18182,0;0.681818,3.18182,0;0.909091,3.18182,0;1.13636,3.18182,0;1.36364,3.18182,0;1.59091,3.18182,0;1.81818,3.18182,0;2.04545,3.18182,0;2.27273,3.18182,0;2.5,3.18182,0;2.72727,3.18182,0;2.95455,3.18182,0;3.18182,3.18182,0;3.40909,3.18182,0;3.63636,3.18182,0;3.86364,3.18182,0;4.09091,3.18182,0;4.31818,3.18182,0;4.54545,3.18182,0;4.77273,3.18182,0;5.,3.18182,0;5.22727,3.18182,0;5.45455,3.18182,0;5.68182,3.18182,0;5.90909,3.18182,0;6.13636,3.18182,0;6.36364,3.18182,0;6.59091,3.18182,0;6.81818,3.18182,0;7.04545,3.18182,0;7.27273,3.18182,0;7.5,3.18182,0;7.72727,3.18182,0;7.95455,3.18182,0;8.18182,3.18182,0;8.40909,3.18182,0;8.63636,3.18182,0;8.86364,3.18182,0;9.09091,3.18182,0;9.31818,3.18182,0;9.54545,3.18182,0;9.77273,3.18182,0;10.,3.18182,0;0.,3.63636,0;0.227273,3.63636,0;0.454545,3.63636,0;0.681818,3.63636,0;0.909091,3.63636,0;1.13636,3.63636,0;1.36364,3.63636,0;1.59091,3.63636,0;1.81818,3.63636,0;2.04545,3.63636,0;2.27273,3.63636,0;2.5,3.63636,0;2.72727,3.63636,0;2.95455,3.63636,0;3.18182,3.63636,0;3.40909,3.63636,0;3.63636,3.63636,0;3.86364,3.63636,0;4.09091,3.63636,0;4.31818,3.63636,0;4.54545,3.63636,0;4.77273,3.63636,0;5.,3.63636,0;5.22727,3.63636,0;5.45455,3.63636,0;5.68182,3.63636,0;5.90909,3.63636,0;6.13636,3.63636,0;6.36364,3.63636,0;6.59091,3.63636,0;6.81818,3.63636,0;7.04545,3.63636,0;7.27273,3.63636,0;7.5,3.63636,0;7.72727,3.63636,0;7.95455,3.63636,0;8.18182,3.63636,0;8.40909,3.63636,0;8.63636,3.63636,0;8.86364,3.63636,0;9.09091,3.63636,0;9.31818,3.63636,0;9.54545,3.63636,0;9.77273,3.63636,0;10.,3.63636,0;0.,4.09091,0;0.227273,4.09091,0;0.454545,4.09091,0;0.681818,4.09091,0;0.909091,4.09091,0;1.13636,4.09091,0;1.36364,4.09091,0;1.59091,4.09091,0;1.81818,4.09091,0;2.04545,4.09091,0;2.27273,4.09091,0;2.5,4.09091,0;2.72727,4.09091,0;2.95455,4.09091,0;3.18182,4.09091,0;3.40909,4.09091,0;3.63636,4.09091,0;3.86364,4.09091,0;4.09091,4.09091,0;4.31818,4.09091,0;