% calling this function will load problem geometry into the main program
% refCoords : Problem Node Coordinates in reference Configuration
% E : Young's Modulus
% nn : number of nodes
% nDOFs : total number of degrees of freedom
% elConn : element ID connectivity matrix
% DOFConn : element DOF connectivity matrix
% fixedNodes : essential node numbers
% fixedDOFs : fixed degrees of freedoms
% activeDOFs : active degrees of freedoms
% nADOFs : number of active degrees of freedoms
% L0List : Initial length of elements
% nel : Number Of Elements
% s0List : initial stress in members
nex=26;ney=26;
Lx=10; Ly=10;
Nx=0;   Ny=0;   Nxy=0;
refCoords=[0.,0.,0;0.192308,0.,0;0.384615,0.,0;0.576923,0.,0;0.769231,0.,0;0.961538,0.,0;1.15385,0.,0;1.34615,0.,0;1.53846,0.,0;1.73077,0.,0;1.92308,0.,0;2.11538,0.,0;2.30769,0.,0;2.5,0.,0;2.69231,0.,0;2.88462,0.,0;3.07692,0.,0;3.26923,0.,0;3.46154,0.,0;3.65385,0.,0;3.84615,0.,0;4.03846,0.,0;4.23077,0.,0;4.42308,0.,0;4.61538,0.,0;4.80769,0.,0;5.,0.,0;5.19231,0.,0;5.38462,0.,0;5.57692,0.,0;5.76923,0.,0;5.96154,0.,0;6.15385,0.,0;6.34615,0.,0;6.53846,0.,0;6.73077,0.,0;6.92308,0.,0;7.11538,0.,0;7.30769,0.,0;7.5,0.,0;7.69231,0.,0;7.88462,0.,0;8.07692,0.,0;8.26923,0.,0;8.46154,0.,0;8.65385,0.,0;8.84615,0.,0;9.03846,0.,0;9.23077,0.,0;9.42308,0.,0;9.61538,0.,0;9.80769,0.,0;10.,0.,0;0.,0.384615,0;0.192308,0.384615,0;0.384615,0.384615,0;0.576923,0.384615,0;0.769231,0.384615,0;0.961538,0.384615,0;1.15385,0.384615,0;1.34615,0.384615,0;1.53846,0.384615,0;1.73077,0.384615,0;1.92308,0.384615,0;2.11538,0.384615,0;2.30769,0.384615,0;2.5,0.384615,0;2.69231,0.384615,0;2.88462,0.384615,0;3.07692,0.384615,0;3.26923,0.384615,0;3.46154,0.384615,0;3.65385,0.384615,0;3.84615,0.384615,0;4.03846,0.384615,0;4.23077,0.384615,0;4.42308,0.384615,0;4.61538,0.384615,0;4.80769,0.384615,0;5.,0.384615,0;5.19231,0.384615,0;5.38462,0.384615,0;5.57692,0.384615,0;5.76923,0.384615,0;5.96154,0.384615,0;6.15385,0.384615,0;6.34615,0.384615,0;6.53846,0.384615,0;6.73077,0.384615,0;6.92308,0.384615,0;7.11538,0.384615,0;7.30769,0.384615,0;7.5,0.384615,0;7.69231,0.384615,0;7.88462,0.384615,0;8.07692,0.384615,0;8.26923,0.384615,0;8.46154,0.384615,0;8.65385,0.384615,0;8.84615,0.384615,0;9.03846,0.384615,0;9.23077,0.384615,0;9.42308,0.384615,0;9.61538,0.384615,0;9.80769,0.384615,0;10.,0.384615,0;0.,0.769231,0;0.192308,0.769231,0;0.384615,0.769231,0;0.576923,0.769231,0;0.769231,0.769231,0;0.961538,0.769231,0;1.15385,0.769231,0;1.34615,0.769231,0;1.53846,0.769231,0;1.73077,0.769231,0;1.92308,0.769231,0;2.11538,0.769231,0;2.30769,0.769231,0;2.5,0.769231,0;2.69231,0.769231,0;2.88462,0.769231,0;3.07692,0.769231,0;3.26923,0.769231,0;3.46154,0.769231,0;3.65385,0.769231,0;3.84615,0.769231,0;4.03846,0.769231,0;4.23077,0.769231,0;4.42308,0.769231,0;4.61538,0.769231,0;4.80769,0.769231,0;5.,0.769231,0;5.19231,0.769231,0;5.38462,0.769231,0;5.57692,0.769231,0;5.76923,0.769231,0;5.96154,0.769231,0;6.15385,0.769231,0;6.34615,0.769231,0;6.53846,0.769231,0;6.73077,0.769231,0;6.92308,0.769231,0;7.11538,0.769231,0;7.30769,0.769231,0;7.5,0.769231,0;7.69231,0.769231,0;7.88462,0.769231,0;8.07692,0.769231,0;8.26923,0.769231,0;8.46154,0.769231,0;8.65385,0.769231,0;8.84615,0.769231,0;9.03846,0.769231,0;9.23077,0.769231,0;9.42308,0.769231,0;9.61538,0.769231,0;9.80769,0.769231,0;10.,0.769231,0;0.,1.15385,0;0.192308,1.15385,0;0.384615,1.15385,0;0.576923,1.15385,0;0.769231,1.15385,0;0.961538,1.15385,0;1.15385,1.15385,0;1.34615,1.15385,0;1.53846,1.15385,0;1.73077,1.15385,0;1.92308,1.15385,0;2.11538,1.15385,0;2.30769,1.15385,0;2.5,1.15385,0;2.69231,1.15385,0;2.88462,1.15385,0;3.07692,1.15385,0;3.26923,1.15385,0;3.46154,1.15385,0;3.65385,1.15385,0;3.84615,1.15385,0;4.03846,1.15385,0;4.23077,1.15385,0;4.42308,1.15385,0;4.61538,1.15385,0;4.80769,1.15385,0;5.,1.15385,0;5.19231,1.15385,0;5.38462,1.15385,0;5.57692,1.15385,0;5.76923,1.15385,0;5.96154,1.15385,0;6.15385,1.15385,0;6.34615,1.15385,0;6.53846,1.15385,0;6.73077,1.15385,0;6.92308,1.15385,0;7.11538,1.15385,0;7.30769,1.15385,0;7.5,1.15385,0;7.69231,1.15385,0;7.88462,1.15385,0;8.07692,1.15385,0;8.26923,1.15385,0;8.46154,1.15385,0;8.65385,1.15385,0;8.84615,1.15385,0;9.03846,1.15385,0;9.23077,1.15385,0;9.42308,1.15385,0;9.61538,1.15385,0;9.80769,1.15385,0;10.,1.15385,0;0.,1.53846,0;0.192308,1.53846,0;0.384615,1.53846,0;0.576923,1.53846,0;0.769231,1.53846,0;0.961538,1.53846,0;1.15385,1.53846,0;1.34615,1.53846,0;1.53846,1.53846,0;1.73077,1.53846,0;1.92308,1.53846,0;2.11538,1.53846,0;2.30769,1.53846,0;2.5,1.53846,0;2.69231,1.53846,0;2.88462,1.53846,0;3.07692,1.53846,0;3.26923,1.53846,0;3.46154,1.53846,0;3.65385,1.53846,0;3.84615,1.53846,0;4.03846,1.53846,0;4.23077,1.53846,0;4.42308,1.53846,0;4.61538,1.53846,0;4.80769,1.53846,0;5.,1.53846,0;5.19231,1.53846,0;5.38462,1.53846,0;5.57692,1.53846,0;5.76923,1.53846,0;5.96154,1.53846,0;6.15385,1.53846,0;6.34615,1.53846,0;6.53846,1.53846,0;6.73077,1.53846,0;6.92308,1.53846,0;7.11538,1.53846,0;7.30769,1.53846,0;7.5,1.53846,0;7.69231,1.53846,0;7.88462,1.53846,0;8.07692,1.53846,0;8.26923,1.53846,0;8.46154,1.53846,0;8.65385,1.53846,0;8.84615,1.53846,0;9.03846,1.53846,0;9.23077,1.53846,0;9.42308,1.53846,0;9.61538,1.53846,0;9.80769,1.53846,0;10.,1.53846,0;0.,1.92308,0;0.192308,1.92308,0;0.384615,1.92308,0;0.576923,1.92308,0;0.769231,1.92308,0;0.961538,1.92308,0;1.15385,1.92308,0;1.34615,1.92308,0;1.53846,1.92308,0;1.73077,1.92308,0;1.92308,1.92308,0;2.11538,1.92308,0;2.30769,1.92308,0;2.5,1.92308,0;2.69231,1.92308,0;2.88462,1.92308,0;3.07692,1.92308,0;3.26923,1.92308,0;3.46154,1.92308,0;3.65385,1.92308,0;3.84615,1.92308,0;4.03846,1.92308,0;4.23077,1.92308,0;4.42308,1.92308,0;4.61538,1.92308,0;4.80769,1.92308,0;5.,1.92308,0;5.19231,1.92308,0;5.38462,1.92308,0;5.57692,1.92308,0;5.76923,1.92308,0;5.96154,1.92308,0;6.15385,1.92308,0;6.34615,1.92308,0;6.53846,1.92308,0;6.73077,1.92308,0;6.92308,1.92308,0;7.11538,1.92308,0;7.30769,1.92308,0;7.5,1.92308,0;7.69231,1.92308,0;7.88462,1.92308,0;8.07692,1.92308,0;8.26923,1.92308,0;8.46154,1.92308,0;8.65385,1.92308,0;8.84615,1.92308,0;9.03846,1.92308,0;9.23077,1.92308,0;9.42308,1.92308,0;9.61538,1.92308,0;9.80769,1.92308,0;10.,1.92308,0;0.,2.30769,0;0.192308,2.30769,0;0.384615,2.30769,0;0.576923,2.30769,0;0.769231,2.30769,0;0.961538,2.30769,0;1.15385,2.30769,0;1.34615,2.30769,0;1.53846,2.30769,0;1.73077,2.30769,0;1.92308,2.30769,0;2.11538,2.30769,0;2.30769,2.30769,0;2.5,2.30769,0;2.69231,2.30769,0;2.88462,2.30769,0;3.07692,2.30769,0;3.26923,2.30769,0;3.46154,2.30769,0;3.65385,2.30769,0;3.84615,2.30769,0;4.03846,2.30769,0;4.23077,2.30769,0;4.42308,2.30769,0;4.61538,2.30769,0;4.80769,2.30769,0;5.,2.30769,0;5.19231,2.30769,0;5.38462,2.30769,0;5.57692,2.30769,0;5.76923,2.30769,0;5.96154,2.30769,0;6.15385,2.30769,0;6.34615,2.30769,0;6.53846,2.30769,0;6.73077,2.30769,0;6.92308,2.30769,0;7.11538,2.30769,0;7.30769,2.30769,0;7.5,2.30769,0;7.69231,2.30769,0;7.88462,2.30769,0;8.07692,2.30769,0;8.26923,2.30769,0;8.46154,2.30769,0;8.65385,2.30769,0;8.84615,2.30769,0;9.03846,2.30769,0;9.23077,2.30769,0;9.42308,2.30769,0;9.61538,2.30769,0;9.80769,2.30769,0;10.,2.30769,0;0.,2.69231,0;0.192308,2.69231,0;0.384615,2.69231,0;0.576923,2.69231,0;0.769231,2.69231,0;0.961538,2.69231,0;1.15385,2.69231,0;1.34615,2.69231,0;1.53846,2.69231,0;1.73077,2.69231,0;1.92308,2.69231,0;2.11538,2.69231,0;2.30769,2.69231,0;2.5,2.69231,0;2.69231,2.69231,0;2.88462,2.69231,0;3.07692,2.69231,0;3.26923,2.69231,0;3.46154,2.69231,0;3.65385,2.69231,0;3.84615,2.69231,0;4.03846,2.69231,0;4.23077,2.69231,0;4.42308,2.69231,0;4.61538,2.69231,0;4.80769,2.69231,0;5.,2.69231,0;5.19231,2.69231,0;5.38462,2.69231,0;5.57692,2.69231,0;5.76923,2.69231,0;5.96154,2.69231,0;6.15385,2.69231,0;6.34615,2.69231,0;6.53846,2.69231,0;6.73077,2.69231,0;6.92308,2.69231,0;7.11538,2.69231,0;7.30769,2.69231,0;7.5,2.69231,0;7.69231,2.69231,0;7.88462,2.69231,0;8.07692,2.69231,0;8.26923,2.69231,0;8.46154,2.69231,0;8.65385,2.69231,0;8.84615,2.69231,0;9.03846,2.69231,0;9.23077,2.69231,0;9.42308,2.69231,0;9.61538,2.69231,0;9.80769,2.69231,0;10.,2.69231,0;0.,3.07692,0;