% calling this function will load problem geometry into the main program
% refCoords : Problem Node Coordinates in reference Configuration
% E : Young's Modulus
% nn : number of nodes
% nDOFs : total number of degrees of freedom
% elConn : element ID connectivity matrix
% DOFConn : element DOF connectivity matrix
% fixedNodes : essential node numbers
% fixedDOFs : fixed degrees of freedoms
% activeDOFs : active degrees of freedoms
% nADOFs : number of active degrees of freedoms
% L0List : Initial length of elements
% nel : Number Of Elements
% s0List : initial stress in members
nex=28;ney=28;
Lx=10; Ly=10;
Nx=0;   Ny=0;   Nxy=0;
refCoords=[0.,0.,0;0.178571,0.,0;0.357143,0.,0;0.535714,0.,0;0.714286,0.,0;0.892857,0.,0;1.07143,0.,0;1.25,0.,0;1.42857,0.,0;1.60714,0.,0;1.78571,0.,0;1.96429,0.,0;2.14286,0.,0;2.32143,0.,0;2.5,0.,0;2.67857,0.,0;2.85714,0.,0;3.03571,0.,0;3.21429,0.,0;3.39286,0.,0;3.57143,0.,0;3.75,0.,0;3.92857,0.,0;4.10714,0.,0;4.28571,0.,0;4.46429,0.,0;4.64286,0.,0;4.82143,0.,0;5.,0.,0;5.17857,0.,0;5.35714,0.,0;5.53571,0.,0;5.71429,0.,0;5.89286,0.,0;6.07143,0.,0;6.25,0.,0;6.42857,0.,0;6.60714,0.,0;6.78571,0.,0;6.96429,0.,0;7.14286,0.,0;7.32143,0.,0;7.5,0.,0;7.67857,0.,0;7.85714,0.,0;8.03571,0.,0;8.21429,0.,0;8.39286,0.,0;8.57143,0.,0;8.75,0.,0;8.92857,0.,0;9.10714,0.,0;9.28571,0.,0;9.46429,0.,0;9.64286,0.,0;9.82143,0.,0;10.,0.,0;0.,0.357143,0;0.178571,0.357143,0;0.357143,0.357143,0;0.535714,0.357143,0;0.714286,0.357143,0;0.892857,0.357143,0;1.07143,0.357143,0;1.25,0.357143,0;1.42857,0.357143,0;1.60714,0.357143,0;1.78571,0.357143,0;1.96429,0.357143,0;2.14286,0.357143,0;2.32143,0.357143,0;2.5,0.357143,0;2.67857,0.357143,0;2.85714,0.357143,0;3.03571,0.357143,0;3.21429,0.357143,0;3.39286,0.357143,0;3.57143,0.357143,0;3.75,0.357143,0;3.92857,0.357143,0;4.10714,0.357143,0;4.28571,0.357143,0;4.46429,0.357143,0;4.64286,0.357143,0;4.82143,0.357143,0;5.,0.357143,0;5.17857,0.357143,0;5.35714,0.357143,0;5.53571,0.357143,0;5.71429,0.357143,0;5.89286,0.357143,0;6.07143,0.357143,0;6.25,0.357143,0;6.42857,0.357143,0;6.60714,0.357143,0;6.78571,0.357143,0;6.96429,0.357143,0;7.14286,0.357143,0;7.32143,0.357143,0;7.5,0.357143,0;7.67857,0.357143,0;7.85714,0.357143,0;8.03571,0.357143,0;8.21429,0.357143,0;8.39286,0.357143,0;8.57143,0.357143,0;8.75,0.357143,0;8.92857,0.357143,0;9.10714,0.357143,0;9.28571,0.357143,0;9.46429,0.357143,0;9.64286,0.357143,0;9.82143,0.357143,0;10.,0.357143,0;0.,0.714286,0;0.178571,0.714286,0;0.357143,0.714286,0;0.535714,0.714286,0;0.714286,0.714286,0;0.892857,0.714286,0;1.07143,0.714286,0;1.25,0.714286,0;1.42857,0.714286,0;1.60714,0.714286,0;1.78571,0.714286,0;1.96429,0.714286,0;2.14286,0.714286,0;2.32143,0.714286,0;2.5,0.714286,0;2.67857,0.714286,0;2.85714,0.714286,0;3.03571,0.714286,0;3.21429,0.714286,0;3.39286,0.714286,0;3.57143,0.714286,0;3.75,0.714286,0;3.92857,0.714286,0;4.10714,0.714286,0;4.28571,0.714286,0;4.46429,0.714286,0;4.64286,0.714286,0;4.82143,0.714286,0;5.,0.714286,0;5.17857,0.714286,0;5.35714,0.714286,0;5.53571,0.714286,0;5.71429,0.714286,0;5.89286,0.714286,0;6.07143,0.714286,0;6.25,0.714286,0;6.42857,0.714286,0;6.60714,0.714286,0;6.78571,0.714286,0;6.96429,0.714286,0;7.14286,0.714286,0;7.32143,0.714286,0;7.5,0.714286,0;7.67857,0.714286,0;7.85714,0.714286,0;8.03571,0.714286,0;8.21429,0.714286,0;8.39286,0.714286,0;8.57143,0.714286,0;8.75,0.714286,0;8.92857,0.714286,0;9.10714,0.714286,0;9.28571,0.714286,0;9.46429,0.714286,0;9.64286,0.714286,0;9.82143,0.714286,0;10.,0.714286,0;0.,1.07143,0;0.178571,1.07143,0;0.357143,1.07143,0;0.535714,1.07143,0;0.714286,1.07143,0;0.892857,1.07143,0;1.07143,1.07143,0;1.25,1.07143,0;1.42857,1.07143,0;1.60714,1.07143,0;1.78571,1.07143,0;1.96429,1.07143,0;2.14286,1.07143,0;2.32143,1.07143,0;2.5,1.07143,0;2.67857,1.07143,0;2.85714,1.07143,0;3.03571,1.07143,0;3.21429,1.07143,0;3.39286,1.07143,0;3.57143,1.07143,0;3.75,1.07143,0;3.92857,1.07143,0;4.10714,1.07143,0;4.28571,1.07143,0;4.46429,1.07143,0;4.64286,1.07143,0;4.82143,1.07143,0;5.,1.07143,0;5.17857,1.07143,0;5.35714,1.07143,0;5.53571,1.07143,0;5.71429,1.07143,0;5.89286,1.07143,0;6.07143,1.07143,0;6.25,1.07143,0;6.42857,1.07143,0;6.60714,1.07143,0;6.78571,1.07143,0;6.96429,1.07143,0;7.14286,1.07143,0;7.32143,1.07143,0;7.5,1.07143,0;7.67857,1.07143,0;7.85714,1.07143,0;8.03571,1.07143,0;8.21429,1.07143,0;8.39286,1.07143,0;8.57143,1.07143,0;8.75,1.07143,0;8.92857,1.07143,0;9.10714,1.07143,0;9.28571,1.07143,0;9.46429,1.07143,0;9.64286,1.07143,0;9.82143,1.07143,0;10.,1.07143,0;0.,1.42857,0;0.178571,1.42857,0;0.357143,1.42857,0;0.535714,1.42857,0;0.714286,1.42857,0;0.892857,1.42857,0;1.07143,1.42857,0;1.25,1.42857,0;1.42857,1.42857,0;1.60714,1.42857,0;1.78571,1.42857,0;1.96429,1.42857,0;2.14286,1.42857,0;2.32143,1.42857,0;2.5,1.42857,0;2.67857,1.42857,0;2.85714,1.42857,0;3.03571,1.42857,0;3.21429,1.42857,0;3.39286,1.42857,0;3.57143,1.42857,0;3.75,1.42857,0;3.92857,1.42857,0;4.10714,1.42857,0;4.28571,1.42857,0;4.46429,1.42857,0;4.64286,1.42857,0;4.82143,1.42857,0;5.,1.42857,0;5.17857,1.42857,0;5.35714,1.42857,0;5.53571,1.42857,0;5.71429,1.42857,0;5.89286,1.42857,0;6.07143,1.42857,0;6.25,1.42857,0;6.42857,1.42857,0;6.60714,1.42857,0;6.78571,1.42857,0;6.96429,1.42857,0;7.14286,1.42857,0;7.32143,1.42857,0;7.5,1.42857,0;7.67857,1.42857,0;7.85714,1.42857,0;8.03571,1.42857,0;8.21429,1.42857,0;8.39286,1.42857,0;8.57143,1.42857,0;8.75,1.42857,0;8.92857,1.42857,0;9.10714,1.42857,0;9.28571,1.42857,0;9.46429,1.42857,0;9.64286,1.42857,0;9.82143,1.42857,0;10.,1.42857,0;0.,1.78571,0;0.178571,1.78571,0;0.357143,1.78571,0;0.535714,1.78571,0;0.714286,1.78571,0;0.892857,1.78571,0;1.07143,1.78571,0;1.25,1.78571,0;1.42857,1.78571,0;1.60714,1.78571,0;1.78571,1.78571,0;1.96429,1.78571,0;2.14286,1.78571,0;2.32143,1.78571,0;2.5,1.78571,0;2.67857,1.78571,0;2.85714,1.78571,0;3.03571,1.78571,0;3.21429,1.78571,0;3.39286,1.78571,0;3.57143,1.78571,0;3.75,1.78571,0;3.92857,1.78571,0;4.10714,1.78571,0;4.28571,1.78571,0;4.46429,1.78571,0;4.64286,1.78571,0;4.82143,1.78571,0;5.,1.78571,0;5.17857,1.78571,0;5.35714,1.78571,0;5.53571,1.78571,0;5.71429,1.78571,0;5.89286,1.78571,0;6.07143,1.78571,0;6.25,1.78571,0;6.42857,1.78571,0;6.60714,1.78571,0;6.78571,1.78571,0;6.96429,1.78571,0;7.14286,1.78571,0;7.32143,1.78571,0;7.5,1.78571,0;7.67857,1.78571,0;7.85714,1.78571,0;8.03571,1.78571,0;8.21429,1.78571,0;8.39286,1.78571,0;8.57143,1.78571,0;8.75,1.78571,0;8.92857,1.78571,0;9.10714,1.78571,0;9.28571,1.78571,0;9.46429,1.78571,0;9.64286,1.78571,0;9.82143,1.78571,0;10.,1.78571,0;0.,2.14286,0;0.178571,2.14286,0;0.357143,2.14286,0;0.535714,2.14286,0;0.714286,2.14286,0;0.892857,2.14286,0;1.07143,2.14286,0;1.25,2.14286,0;1.42857,2.14286,0;1.60714,2.14286,0;1.78571,2.14286,0;1.96429,2.14286,0;2.14286,2.14286,0;2.32143,2.14286,0;2.5,2.14286,0;2.67857,2.14286,0;2.85714,2.14286,0;3.03571,2.14286,0;3.21429,2.14286,0;3.39286,2.14286,0;3.57143,2.14286,0;3.75,2.14286,0;3.92857,2.14286,0;4.10714,2.14286,0;4.28571,2.14286,0;4.46429,2.14286,0;4.64286,2.14286,0;4.82143,2.14286,0;5.,2.14286,0;5.17857,2.14286,0;5.35714,2.14286,0;5.53571,2.14286,0;5.71429,2.14286,0;5.89286,2.14286,0;6.07143,2.14286,0;6.25,2.14286,0;6.42857,2.14286,0;6.60714,2.14286,0;6.78571,2.14286,0;6.96429,2.14286,0;7.14286,2.14286,0;7.32143,2.14286,0;7.5,2.14286,0;7.67857,2.14286,0;7.85714,2.14286,0;8.03571,2.14286,0;8.21429,2.14286,0;8.39286,2.14286,0;8.57143,2.14286,0;8.75,2.14286,0;8.92857,2.14286,0;9.10714,2.14286,0;9.28571,2.14286,0;9.46429,2.14286,0;9.64286,2.14286,0;9.82143,2.14286,0;10.,2.14286,0;0.,2.5,0;0.178571,2.5,0;0.357143,2.5,0;0.535714,2.5,0;0.714286,2.5,0;0.892857,2.5,0;1.07143,2.5,0;1.25,2.5,0;1.42857,2.5,0;1.60714,2.5,0;1.78571,2.5,0;1.96429,2.5,0;2.14286,2.5,0;2.32143,2.5,0;2.5,2.5,0;2.67857,2.5,0;2.85714,2.5,0;3.03571,2.5,0;3.21429,2.5,0;3.39286,2.5,0;3.57143,2.5,0;3.75,2.5,0;3.92857,2.5,0;4.10714,2.5,0;4.28571,2.5,0;4.46429,2.5,0;4.64286,2.5,0;4.82143,2.5,0;5.,2.5,0;5.17857,2.5,0;5.35714,2.5,0;5.53571,2.5,0;5.71429,2.5,0;5.89286,2.5,0;6.07143,2.5,0;6.25,2.5,0;6.42857,2.5,0;6.60714,2.5,0;6.78571,2.5,0;6.96429,2.5,0;